0 0.00291043
0 0.0390758
0 0.0188529
0 0.00328359
0 0.00237696
0 0.00311368
0 0.0192928
0 0.0264782
0 0.141204
0 0.0349117
0 0.00685208
0 0.00610945
0 0.00371858
0 0.0187876
0 0.0311361
0 0.00555533
0 0.00980378
0 0.0754636
0 0.0146213
0 0.00765713
0 0.00419641
0 0.0310317
0 0.0280125
0 0.0424022
0 0.0389553
0 0.012492
0 0.277293
0 0.0830786
0 0.0273062
0 0.0647529
0 0.023404
0 0.156116
0 0.0088494
0 0.065505
0 0.00209107
0 0.0171429
0 0.00629047
0 0.066563
0 0.0125045
0 0.00352609
0 0.0750479
0 0.00447719
0 0.00596457
0 0.0302395
0 0.0086533
0 0.0145445
0 0.00839362
0 0.016377
0 0.0145308
0 0.0153795
0 0.0218209
0 0.012199
0 0.00270301
0 0.0127113
0 0.00634996
0 0.0266203
0 0.00549106
0 0.0123947
0 0.0306578
0 0.0808553
0 0.0258304
0 0.00125003
1 0.0067144
0 0.0495377
0 0.0102445
0 0.195346
0 0.0496149
0 0.115676
0 0.0117095
0 0.0369327
0 0.012474
0 0.0111854
0 0.0407283
0 0.0440482
0 0.00482468
0 0.0810522
0 0.00683772
0 0.013746
0 0.0204223
0 0.00555432
0 0.00471324
0 0.0256078
0 0.0504281
0 0.0168055
0 0.0401887
0 0.0259126
0 0.0800485
0 0.0143889
0 0.263834
0 0.0187081
0 0.0475468
0 0.06967
1 0.240126
0 0.0616051
0 0.0151556
0 0.294915
1 0.0520211
0 0.0237554
0 0.00112407
0 0.0237893
0 0.276635
0 0.00108773
0 0.0080386
0 0.0399598
0 0.0206891
0 0.0124287
0 0.0179186
0 0.0109591
1 0.0326175
0 0.0669894
0 0.023388
0 0.0442839
0 0.156017
0 0.0584586
0 0.00457162
0 0.00338396
0 0.00761811
0 0.0246431
0 0.0175957
0 0.00289909
0 0.00242024
0 0.0983018
0 0.00483584
0 0.0336152
0 0.0249391
1 0.0547569
0 0.0120735
0 0.02037
1 0.0140884
0 0.0106664
0 0.0960352
0 0.0065118
0 0.0503771
0 0.0377782
0 0.00395943
0 0.0279797
0 0.0208216
0 0.0249394
1 0.154734
0 0.115125
0 0.0626546
1 0.108369
0 0.00224428
0 0.0120087
0 0.014191
0 0.126752
0 0.0686841
0 0.0074469
0 0.00218684
0 0.0253328
0 0.000573631
0 0.417345
0 0.0314932
0 0.070514
0 0.0390826
0 0.0706441
0 0.093985
0 0.0141199
0 0.0181682
0 0.0122874
0 0.0197958
0 0.0108062
0 0.0114564
0 0.218554
0 0.0382115
0 0.0283825
0 0.0506264
0 0.0162026
0 0.0123703
0 0.242247
0 0.00895471
0 0.0149654
0 0.039358
0 0.021826
0 0.0203162
0 0.0299631
1 0.134569
0 0.0013044
0 0.15732
0 0.009378
0 0.0714102
0 0.00591982
0 0.0477531
0 0.155407
0 0.0113007
0 0.0068095
0 0.00159379
0 0.161556
0 0.0742343
0 0.362004
0 0.00457677
0 0.0481069
0 0.0117283
0 0.0192058
1 0.0796396
0 0.129393
0 0.0343333
0 0.207937
0 0.0148488
0 0.0117504
0 0.015124
0 0.0574957
0 0.0310506
0 0.00318012
0 0.0160803
0 0.0539629
0 0.00256177
0 0.211497
0 0.00493142
0 0.0148812
0 0.0015835
0 0.0829771
0 0.0392701
0 0.181419
0 0.0360887
0 0.0322518
0 0.00437144
0 0.0383163
0 0.00160907
0 0.00138401
0 0.0594804
0 0.0888606
0 0.0021064
0 0.0017297
0 0.00810217
0 0.0278245
0 0.00682485
0 0.0357486
0 0.0104682
0 0.0112826
0 0.00968037
0 0.00461142
0 0.00684989
0 0.00306351
0 0.00079036
0 0.0177586
0 0.0912947
0 0.0426332
0 0.00936542
0 0.000814217
0 0.0216649
0 0.0357334
0 0.00136001
0 0.0206541
0 0.00373381
0 0.0588748
0 0.00987881
0 0.00658398
0 0.00295393
0 0.0863725
0 0.00579553
0 0.0243095
0 0.0168843
0 0.0248552
0 0.0548181
0 0.0468002
0 0.00146973
0 0.228789
0 0.00565765
0 0.00081344
0 0.0164671
0 0.0253549
0 0.0091532
0 0.149705
0 0.0155056
0 0.00189949
0 0.0162104
0 0.00840159
0 0.0185284
0 0.0574603
0 0.0411241
0 0.0220414
1 0.122375
0 0.00160341
0 0.00134284
0 0.00647823
0 0.0189043
0 0.0084342
0 0.00915951
0 0.00154229
1 0.145549
0 0.0991041
0 0.0694644
0 0.0146735
0 0.0493818
0 0.034627
1 0.136468
0 0.00726462
0 0.00294773
0 0.0340705
0 0.00115496
0 0.0214188
0 0.0253662
0 0.00307023
0 0.029365
0 0.0786902
0 0.150541
0 0.0135954
1 0.126399
0 0.025715
0 0.134283
0 0.0301149
0 0.0233871
1 0.0394062
0 0.0291878
0 0.0182279
0 0.0787849
0 0.0239195
0 0.0352584
0 0.000595816
0 0.109515
0 0.0266039
0 0.0110676
0 0.0133351
1 0.0101106
0 0.00504633
0 0.017213
0 0.0640393
0 0.0111914
0 0.0113523
0 0.035396
0 0.0643873
0 0.0686726
0 0.0223978
0 0.00362114
0 0.00535306
0 0.144818
0 0.0266879
0 0.029673
0 0.0478578
0 0.00666643
0 0.0825308
0 0.0039071
0 0.0291947
0 0.0158474
0 0.0553725
0 0.0135057
0 0.00329941
0 0.120263
0 0.00966557
1 0.120338
0 0.127755
0 0.0147365
0 0.00862474
0 0.0187328
0 0.133831
0 0.0245852
0 0.00186416
0 0.0101026
0 0.00118646
0 0.018637
0 0.000753912
0 0.127499
0 0.0118542
0 0.0316841
0 0.133052
0 0.0313054
0 0.0101049
0 0.0555819
0 0.0239204
0 0.0125393
0 0.00911225
0 0.0157207
0 0.00572459
0 0.0915038
0 0.00607548
0 0.128672
0 0.0410356
0 0.0182678
0 0.0138095
0 0.00951114
0 0.0772041
0 0.0395643
0 0.00818301
0 0.068786
0 0.0205392
0 0.00597072
0 0.00274791
0 0.205063
1 0.0230542
0 0.0161447
0 0.00437859
0 0.0175821
0 0.0120644
0 0.0227623
0 0.00213262
0 0.00116
0 0.00158607
0 0.00850383
0 0.0093648
0 0.00243204
0 0.00450876
0 0.00240234
0 0.0291113
0 0.000331424
0 0.0239894
0 0.0466762
0 0.113515
0 0.00533916
0 0.00770442
0 0.00216869
0 0.00184729
0 0.0176754
0 0.0100413
0 0.00806751
0 0.00241345
0 0.0338985
0 0.0327424
0 0.0330788
0 0.00198487
0 0.00923282
0 0.116526
0 0.0141875
0 0.00179124
1 0.0246999
0 0.00743353
0 0.0108541
0 0.0674097
0 0.00376121
0 0.0107301
0 0.0302876
0 0.00194251
0 0.0106046
0 0.0108649
0 0.00493292
0 0.0669822
0 0.0424365
0 0.000468339
0 0.0820559
0 0.00374122
0 0.00114219
0 0.0123902
0 0.0745973
0 0.0309662
0 0.00688739
0 0.00798857
0 0.0154093
0 0.178916
0 0.292159
0 0.0278732
0 0.00188975
0 0.00407283
0 0.0179551
0 0.000967344
0 0.0102114
0 0.0446041
0 0.00287935
0 0.00160229
1 0.020081
0 0.0173998
0 0.0227782
0 0.0189592
0 0.0699573
0 0.0153473
0 0.0218567
0 0.0223655
1 0.0527587
0 0.0040805
0 0.0114999
0 0.00672311
1 0.172581
0 0.0676589
0 0.0141781
0 0.0162839
0 0.00816091
0 0.0489538
0 0.27238
0 0.0297679
0 0.0235297
0 0.0239209
0 0.00428221
0 0.00947405
0 0.00489651
0 0.0385493
0 0.00471123
1 0.00814252
0 0.0196122
0 0.0220646
0 0.0189133
0 0.0147348
0 0.0684118
0 0.0157646
0 0.010378
1 0.0273589
0 0.00215946
0 0.0139679
0 0.00269986
0 0.0355683
0 0.0277741
0 0.00078226
0 0.0935216
0 0.0890238
0 0.0341498
0 0.00212716
0 0.00727856
0 0.10695
0 0.00765272
0 0.103731
0 0.00894396
0 0.0033196
0 0.0211667
0 0.0179637
0 0.00397017
0 0.00882451
0 0.0312236
0 0.00889703
0 0.0274225
0 0.00287361
0 0.0295452
0 0.0658951
0 0.0115213
0 0.0288557
0 0.00396809
0 0.0244714
0 0.00107662
0 0.0253147
0 0.012413
0 0.0074703
0 0.0166732
0 0.0183858
0 0.0314885
1 0.066922
0 0.0334729
0 0.0697958
0 0.0178799
0 0.00317546
0 0.00289815
0 0.146037
0 0.00150738
0 0.0101008
1 0.0311613
0 0.0179442
1 0.359931
0 0.0576265
0 0.00351008
0 0.00476021
0 0.00158736
0 0.0237955
0 0.029879
0 0.003829
0 0.104905
0 0.120453
0 0.0286837
0 0.127795
1 0.246016
0 0.00374219
0 0.0275774
0 0.0148704
0 0.0707172
0 0.0483827
1 0.0476439
0 0.0165656
0 0.00251238
0 0.0618456
0 0.0074178
0 0.000835855
0 0.0102568
0 0.00209163
0 0.00550684
0 0.00951559
0 0.0378103
0 0.0365695
0 0.0394453
0 0.122284
0 0.0163304
0 0.00680306
0 0.0234694
0 0.00421403
0 0.00280114
0 0.0122898
0 0.010738
0 0.0194697
0 0.0828146
0 0.00813681
0 0.000874059
0 0.0101818
0 0.0656513
0 0.00622173
0 0.00427947
0 0.0423655
0 0.0234757
0 0.0638301
0 0.0124621
0 0.0250427
0 0.130393
0 0.00160697
0 0.00822532
0 0.0168115
0 0.0317638
0 0.087657
0 0.0134805
0 0.0146073
0 0.135183
0 0.0928215
0 0.0112164
0 0.0081102
0 0.0105294
0 0.0435112
0 0.0219814
0 0.0105651
0 0.0235911
0 0.0112061
0 0.0600755
0 0.00129019
0 0.00246302
0 0.0474138
0 0.041415
0 0.0158914
0 0.048697
0 0.113689
0 0.00312996
0 0.0230038
0 0.0378487
0 0.00623606
0 0.0277931
0 0.0121299
0 0.00212944
0 0.151001
0 0.0524665
0 0.0146599
0 0.0178385
0 0.0162844
0 0.0298992
0 0.000633983
0 0.00302156
0 0.00380785
0 0.0462561
0 0.113854
0 0.0837006
0 0.0107737
0 0.0721729
0 0.00287313
0 0.000587381
0 0.00931749
0 0.174389
1 0.183541
1 0.153514
0 0.0289619
0 0.0051985
0 0.00159377
0 0.119874
0 0.015748
0 0.00269993
0 0.00222317
0 0.0424333
0 0.0599464
0 0.0518165
1 0.0656771
0 0.113506
0 0.0428861
0 0.00340121
0 0.00371624
0 0.0855378
0 0.0204404
0 0.0982633
0 0.0524608
0 0.0623572
0 0.189878
0 0.021588
0 0.00136472
0 0.00523326
0 0.022167
0 0.00107328
0 0.0205063
0 0.0726481
0 0.0252593
0 0.0643239
0 0.00303607
0 0.00541217
0 0.0711085
0 0.313096
0 0.254389
0 0.0260811
0 0.00474751
1 0.0661773
0 0.0210821
0 0.00896984
0 0.0203206
0 0.0187124
0 0.0077364
0 0.00563033
0 0.0202191
0 0.0204434
0 0.0155878
0 0.00265918
0 0.0119518
0 0.0023352
0 0.00480302
0 0.000432564
0 0.169576
0 0.0140666
0 0.0052942
0 0.0313753
1 0.26331
0 0.0254609
0 0.0176442
0 0.0625425
0 0.0101716
0 0.179899
0 0.0148732
0 0.00654624
0 0.012928
0 0.200181
0 0.00095175
0 0.136817
0 0.131683
0 0.0274842
0 0.00742891
0 0.00338093
0 0.000621905
0 0.00130067
0 0.0115461
0 0.00266617
0 0.0155864
0 0.00927186
0 0.0998112
0 0.00882826
0 0.0208171
0 0.0114791
0 0.0133599
0 0.00356545
0 0.052485
0 0.0266036
0 0.0762098
0 0.0377983
0 0.00436056
0 0.00981679
0 0.0172923
0 0.00788247
0 0.0105163
0 0.0844884
0 0.00303134
0 0.00618578
0 0.255791
0 0.063241
0 0.0109264
0 0.0119058
0 0.0272867
0 0.0515218
0 0.00499762
0 0.00199693
0 0.000555667
0 0.00934571
0 0.0306812
0 0.0602934
0 0.00718416
0 0.00336457
0 0.00300571
0 0.00314052
0 0.00575474
0 0.0285748
0 0.00153767
0 0.0005665
0 0.0101831
0 0.00976983
0 0.000312064
0 0.0103719
0 0.0394848
0 0.00549862
0 0.110868
0 0.0201599
0 0.0313194
0 0.0375614
0 0.0898795
0 0.00567208
0 0.00222802
0 0.0490332
0 0.0271689
0 0.00688786
0 0.00574498
0 0.0935812
0 0.0789558
0 0.0198945
0 0.00124354
0 0.121258
0 0.0230344
0 0.0701359
0 0.00669306
0 0.00635905
0 0.00115715
0 0.0605515
0 0.00353192
0 0.00501629
0 0.0205555
0 0.00132516
0 0.00560958
1 0.0386981
0 0.000653035
0 0.0250695
0 0.0600149
0 0.029503
0 0.0144009
0 0.0075444
0 0.0150299
0 0.00881438
0 0.00716798
0 0.0101196
0 0.00531915
0 0.0109366
0 0.0381877
0 0.0106806
0 0.0453417
0 0.00531433
0 0.0810893
0 0.00833315
0 0.352907
0 0.0144435
0 0.0433984
0 0.00337886
0 0.00902285
0 0.0806971
0 0.0281676
0 0.000967167
0 0.0375685
0 0.0294312
0 0.459294
0 0.0451039
0 0.0374166
0 0.0317742
0 0.0441348
0 0.0162084
0 0.0173479
0 0.0322658
0 0.128706
0 0.0386643
0 0.0239078
0 0.00179931
0 0.00429125
0 0.140866
0 0.0309959
0 0.112362
0 0.0271385
0 0.0123066
0 0.0242242
0 0.00999868
0 0.0131295
0 0.00882168
0 0.0450182
0 0.0232927
0 0.0347097
0 0.0296931
0 0.0440791
1 0.0121487
0 0.25066
0 0.0452099
0 0.00478916
0 0.136932
0 0.00225103
1 0.139063
0 0.00966325
0 0.013446
0 0.00687329
0 0.0017493
0 0.00149405
0 0.02585
0 0.015394
0 0.0209445
0 0.00615514
0 0.00636145
0 0.00900702
0 0.022639
0 0.0225933
0 0.0193244
0 0.00868255
0 0.0166594
0 0.0211639
0 0.0743624
0 0.0159639
0 0.0559096
0 0.0139656
0 0.017982
0 0.0155883
0 0.0132908
0 0.00771689
0 0.0202365
0 0.00741697
1 0.0682472
0 0.00982191
0 0.020345
0 0.0968724
0 0.0279639
0 0.00519764
0 0.00742147
0 0.027054
0 0.0153045
0 0.053464
0 0.0622811
0 0.00185962
0 0.115022
0 0.000931641
0 0.293887
0 0.0643924
0 0.00607321
0 0.00634717
0 0.064908
0 0.00299138
0 0.00250534
0 0.010909
0 0.0168457
0 0.000659052
0 0.00909638
0 0.0387902
0 0.00419854
0 0.00630963
0 0.0535829
0 0.19626
0 0.0126373
0 0.0364795
0 0.0175456
0 0.00519268
0 0.00169164
0 0.0518149
0 0.00708195
0 0.0562754
0 0.00951536
0 0.0126092
0 0.00326406
0 0.0121478
0 0.0112719
0 0.0116878
0 0.152326
0 0.00986612
0 0.01915
0 0.121527
0 0.00369699
0 0.0494889
0 0.0145385
0 0.0210445
0 0.00368756
0 0.00213223
0 0.0130989
0 0.01055
0 0.0256897
0 0.0412846
0 0.0237758
0 0.00940766
0 0.0475814
0 0.00984517
1 0.972791
0 0.0101151
0 0.01228
0 0.0149741
0 0.0136201
0 0.0347123
0 0.0155256
0 0.00512275
0 0.0133064
0 0.0362686
0 0.0099836
0 0.092238
0 0.0959388
0 0.00338152
0 0.11655
0 0.00233058
0 0.00175236
0 0.00806565
0 0.187786
0 0.00276805
0 0.12426
0 0.0372652
1 0.0634655
0 0.104746
0 0.0109656
0 0.00483317
0 0.00384007
0 0.00804313
0 0.0251704
0 0.000871315
0 0.00207284
0 0.0129813
0 0.00976041
0 0.00460455
1 0.975013
0 0.0496063
0 0.00924785
0 0.0050666
0 0.0327188
0 0.00252096
0 0.046342
0 0.0056704
0 0.111082
0 0.0825795
0 0.0254899
1 0.0539767
0 0.0649837
0 0.00776324
0 0.00273179
0 0.0147368
0 0.00942931
0 0.0313079
0 0.123941
0 0.00325365
0 0.00514854
0 0.00535785
0 0.0017706
0 0.051202
0 0.0866359
0 0.00614873
0 0.136179
0 0.100651
0 0.00578658
0 0.0102318
0 0.139323
0 0.0188234
0 0.00389822
0 0.00693978
0 0.0128729
0 0.0131053
0 0.0766067
0 0.0556111
0 0.0010271
0 0.00337576
0 0.0259622
0 0.0305314
0 0.0165513
0 0.162392
0 0.0159188
0 0.0213829
0 0.00755577
0 0.00525516
0 0.0575405
0 0.138553
0 0.00349805
0 0.0367996
1 0.03631
0 0.0130407
0 0.0140442
0 0.00573647
0 0.0118488
0 0.0103028
0 0.00640528
0 0.101905
0 0.0222281
0 0.00459414
0 0.022119
0 0.00309333
0 0.001356
0 0.0322058
0 0.00513878
0 0.0527109
0 0.0577191
1 0.323703
0 0.00350984
0 0.141287
0 0.0238452
0 0.0255075
0 0.00363127
0 0.00329127
0 0.00318071
0 0.158917
0 0.039447
0 0.0426534
0 0.00296618
0 0.000697502
0 0.103736
0 0.0100454
0 0.0365491
0 0.00243327
0 0.00381394
0 0.039232
0 0.0323915
1 0.140696
0 0.140715
0 0.00659001
0 0.0379795
0 0.0360785
0 0.0357802
0 0.00241599
0 0.00812338
0 0.0283911
0 0.0265006
0 0.00335678
0 0.00511482
0 0.0178649
0 0.016293
0 0.0453425
0 0.0194033
0 0.00486214
0 0.0100162
0 0.00109298
0 0.00565808
0 0.00151313
0 0.0112006
0 0.0576686
0 0.0110912
0 0.0168961
0 0.00329259
0 0.0164824
0 0.00294904
0 0.016893
0 0.00667707
0 0.0136203
0 0.0796697
0 0.0280552
0 0.0395937
0 0.0126892
0 0.00791901
0 0.0559802
0 0.10548
0 0.0482819
0 0.0550736
0 0.00688251
0 0.019424
0 0.0547673
0 0.0121188
0 0.0205989
0 0.0396467
0 0.0435081
0 0.00748084
0 0.0351825
0 0.101718
0 0.158768
0 0.166313
0 0.00265151
0 0.00309309
0 0.168004
0 0.0718218
0 0.0171864
0 0.0395989
0 0.00463286
0 0.0689616
0 0.000845454
0 0.00546296
0 0.0619665
0 0.00917385
0 0.00645844
0 0.0852359
1 0.0198627
0 0.0555266
0 0.0264124
0 0.000989639
0 0.00631549
0 0.00906733
0 0.0335538
0 0.00725239
0 0.0538338
0 0.0724262
0 0.0058964
0 0.0630756
1 0.0143327
0 0.0363684
0 0.0422698
0 0.000240015
0 0.0506065
0 0.012428
0 0.0309042
0 0.000975466
0 0.0558617
0 0.000617973
0 0.0182899
0 0.306912
0 0.00615974
0 0.000680986
0 0.00193225
0 0.112025
0 0.00548292
0 0.00281683
0 0.0295222
0 0.0303499
0 0.0558023
0 0.0115507
0 0.0222479
0 0.0257092
0 0.0152724
0 0.00658834
0 0.0208523
0 0.0199618
0 0.0507683
0 0.0184355
0 0.0432811
0 0.00769872
0 0.065403
0 0.029559
0 0.0755239
0 0.00583653
0 0.0189666
0 0.0358727
0 0.00345896
0 0.0118292
0 0.0460501
0 0.0070325
0 0.0083444
0 0.000945803
0 0.0312643
0 0.0282992
0 0.0141012
0 0.0124485
0 0.00275021
0 0.0141516
0 0.0251305
0 0.0118794
0 0.0048577
0 0.00979979
0 0.0840861
0 0.0241514
0 0.000311333
0 0.326288
0 0.0229573
0 0.0205799
1 0.0968713
0 0.00837583
0 0.00272115
0 0.163941
0 0.0549655
0 0.054847
0 0.020827
0 0.0266962
0 0.00203377
0 0.00666452
0 0.0403061
0 0.00634003
0 0.0326507
0 0.0466167
0 0.0266837
0 0.00699958
0 0.000879005
0 0.00543809
1 0.0681921
0 0.00873999
0 0.00103395
0 0.00666256
0 0.00174292
0 0.00453988
0 0.0166094
0 0.0943956
0 0.0137552
0 0.00175048
0 0.0144564
0 0.00606238
0 0.00455802
0 0.00933127
0 0.0228112
0 0.0120779
0 0.0313192
0 0.00139217
0 0.090257
0 0.043132
0 0.00380276
0 0.0405762
0 0.0142722
0 0.00371007
0 0.019192
0 0.0107962
0 0.00261695
0 0.032996
0 0.0139021
0 0.0246117
0 0.0270566
0 0.0261052
0 0.017475
0 0.00783612
1 0.92433
0 0.0172336
0 0.0144887
0 0.0358849
0 0.00308885
0 0.0327365
0 0.00278546
0 0.000880443
0 0.0188081
0 0.000942232
0 0.0115899
0 0.0113232
0 0.0794163
0 0.142106
0 0.00231611
0 0.021875
0 0.00365638
0 0.102835
0 0.00562115
0 0.0980507
0 0.00946989
0 0.00444244
0 0.00304889
0 0.146913
0 0.0292785
0 0.00357304
0 0.00745255
0 0.00215735
0 0.00136113
0 0.19755
0 0.0035663
0 0.059112
1 0.028611
0 0.0447436
0 0.0930657
0 0.0637516
0 0.00236286
0 0.181838
0 0.1135
0 0.00908598
0 0.00405448
0 0.0290492
0 0.0377004
0 0.0592071
0 0.0531714
0 0.00656673
1 0.98488
0 0.0164525
0 0.0774206
0 0.0131283
0 0.00120566
0 0.00740075
0 0.0258286
0 0.00605058
0 0.0110828
1 0.0653424
0 0.00222024
0 0.0251135
0 0.00430122
0 0.00551608
0 0.00261589
1 0.363769
0 0.162024
0 0.0160622
0 0.00609327
0 0.0482786
0 0.00216765
0 0.00452804
1 0.0736601
0 0.392818
0 0.0173057
0 0.00306615
0 0.00262468
0 0.0103542
0 0.00916498
0 0.0019117
0 0.0262223
0 0.0679445
0 0.00226358
0 0.0138715
1 0.0347236
0 0.0266953
0 0.00331779
1 0.0232486
0 0.0461847
0 0.00301381
0 0.00165423
0 0.0264222
0 0.0310973
0 0.0338197
0 0.0019218
0 0.056977
0 0.00441158
0 0.00337603
0 0.00182433
0 0.00251592
0 0.0332065
0 0.0107414
0 0.00424484
0 0.109515
0 0.00333165
0 0.0041342
0 0.0150595
0 0.00261977
0 0.00172018
0 0.0234604
0 0.0204084
0 0.0533476
0 0.208362
0 0.064203
0 0.00591644
0 0.0839599
0 0.0376211
0 0.0101146
0 0.0178914
0 0.0874475
0 0.0366342
0 0.0165152
0 0.0696767
0 0.109896
0 0.00905227
0 0.0067769
0 0.00105874
0 0.186221
0 0.0353651
0 0.0122581
0 0.00281683
0 0.0253125
0 0.250053
1 0.0716987
0 0.0546061
0 0.0127813
0 0.0191713
0 0.00709695
0 0.0305851
0 0.0353427
0 0.0131329
0 0.00859545
0 0.0301894
0 0.00387462
0 0.00704738
0 0.00980375
0 0.0225863
0 0.0597355
0 0.0562783
0 0.0303297
0 0.0132693
0 0.225052
0 0.0371753
0 0.0316253
0 0.0232774
0 0.00134307
0 0.0131734
0 0.0206929
0 0.00518254
0 0.0400206
0 0.0326755
0 0.020795
0 0.0218261
0 0.00480999
0 0.111952
0 0.0244698
0 0.024497
0 0.0127007
0 0.00111482
0 0.0011804
0 0.00373287
0 0.113005
0 0.0208171
0 0.00508002
0 0.00839772
0 0.0333331
0 0.00109657
0 0.00742553
0 0.00389345
1 0.295412
0 0.0103167
0 0.0234436
0 0.0168743
0 0.00184534
0 0.0209634
0 0.0239619
1 0.980601
0 0.0656737
0 0.0242589
0 0.0171309
0 0.0430337
0 0.0659875
0 0.00266411
0 0.0138721
0 0.00424752
0 0.0479207
0 0.0922631
0 0.00347655
0 0.00406594
0 0.024213
0 0.154107
0 0.00394896
0 0.0753206
0 0.00159549
0 0.0032351
0 0.0618513
0 0.0233739
0 0.0504536
0 0.0061031
0 0.0104709
0 0.00828495
0 0.0329424
0 0.09938
0 0.00801646
0 0.0815665
0 0.019974
0 0.00253337
0 0.0237969
0 0.0490924
0 0.0339806
0 0.00596477
0 0.00296728
0 0.00980955
0 0.0105554
0 0.00668821
0 0.0345226
0 0.405207
0 0.0099522
0 0.0295605
0 0.0123291
0 0.00684042
0 0.0124916
0 0.01902
0 0.00800324
0 0.0165415
0 0.00539635
0 0.00704041
0 0.0037924
0 0.00547158
0 0.0203388
0 0.00447296
0 0.0201964
0 0.0492007
0 0.0575293
0 0.0537335
0 0.0115718
0 0.0310676
0 0.0117868
0 0.033358
1 0.0540199
0 0.002911
0 0.041174
0 0.120654
0 0.000567117
0 0.055853
0 0.000867272
0 0.0184086
0 0.00309746
0 0.0353195
0 0.0292069
0 0.0138353
0 0.00267226
0 0.0048883
0 0.022829
0 0.0293415
0 0.039776
0 0.0011568
0 0.449489
0 0.00210631
0 0.0180998
0 0.0335882
0 0.065661
0 0.00435813
0 0.0850368
0 0.0376814
0 0.016805
0 0.0308498
0 0.0101097
0 0.00430596
0 0.116362
0 0.264539
0 0.00918855
0 0.0458729
0 0.0204522
0 0.00071416
0 0.0200906
0 0.0360498
0 0.0113327
0 0.030827
0 0.0816075
0 0.186784
0 0.0167091
0 0.0233839
0 0.00810204
0 0.00809669
0 0.000339337
0 0.0403523
0 0.0310017
0 0.0138767
0 0.000904348
0 0.00799111
0 0.0483257
0 0.0558073
0 0.0698046
0 0.132341
0 0.0503308
0 0.0911962
0 0.0409865
0 0.0446288
0 0.0581586
0 0.0104653
0 0.00137286
0 0.0405105
1 0.128743
0 0.0358431
0 0.0729033
0 0.00496706
0 0.00611394
0 0.00218687
0 0.0753597
0 0.00773265
0 0.128195
0 0.117053
1 0.0670294
0 0.00156923
0 0.00106835
0 0.00232616
0 0.271303
0 0.0365737
0 0.00387699
0 0.00276721
0 0.0795164
0 0.00193793
0 0.00213753
0 0.0193807
0 0.0167991
0 0.00818674
0 0.0082399
0 0.0135374
0 0.0145195
0 0.0274496
0 0.0797643
0 0.00661814
0 0.104802
0 0.0138839
0 0.0577588
0 0.00457968
0 0.00829665
0 0.00444872
0 0.0280185
0 0.0219017
1 0.0348411
0 0.0253272
0 0.0109845
0 0.00480648
0 0.0379533
0 0.0335437
0 0.0069101
0 0.00853795
0 0.0243571
0 0.0378563
0 0.0722144
0 0.0022644
1 0.0471067
0 0.0294106
0 0.00181814
0 0.0115098
0 0.0158801
0 0.0567144
0 0.0140802
0 0.0450435
1 0.06269
0 0.113734
0 0.00214313
1 0.144132
0 0.0213347
0 0.00603811
0 0.00815711
0 0.00501595
0 0.00742002
0 0.0526245
0 0.0133983
0 0.125795
0 0.0721801
0 0.0266475
0 0.00553677
0 0.05931
0 0.00477699
0 0.000783807
0 0.0745862
0 0.00529582
0 0.170411
0 0.00504634
0 0.0291149
0 0.0145816
0 0.0288922
0 0.033392
0 0.000875198
1 0.0443703
0 0.020477
0 0.002819
0 0.0102813
0 0.00159061
0 0.0306556
0 0.00408274
0 0.030868
0 0.100221
0 0.0243074
0 0.0399456
0 0.0300041
0 0.0310038
0 0.134199
0 0.0329462
1 0.974921
0 0.00473099
0 0.000288515
0 0.000460929
0 0.00150298
0 0.0127133
0 0.00284202
0 0.0553631
0 0.000719881
0 0.0271372
0 0.0147057
0 0.0168714
0 0.0328803
0 0.0052835
0 0.017244
0 0.00437783
0 0.0831776
0 0.0016624
0 0.0385126
0 0.00325048
0 0.0174931
0 0.0207863
0 0.0136329
0 0.00300698
0 0.00342064
0 0.0178945
0 0.0149242
0 0.0691231
0 0.020564
0 0.00301164
0 0.0395122
0 0.00461407
0 0.171868
0 0.0379263
0 0.0136655
0 0.00185792
0 0.00306577
0 0.00318668
0 0.0524773
0 0.0036606
0 0.0583036
0 0.00828233
0 0.0429359
0 0.0265176
0 0.0675744
0 0.00902811
0 0.0110084
0 0.00225346
0 0.0186274
0 0.0184284
0 0.0240235
0 0.00757862
0 0.00218321
0 0.00698504
0 0.0328589
0 0.05291
0 0.0124901
0 0.142373
0 0.0932242
0 0.00595314
0 0.0549507
0 0.0351902
0 0.0233225
0 0.00217651
0 0.119523
0 0.00253395
0 0.0174858
0 0.019938
0 0.00837954
0 0.0160137
0 0.0479394
0 0.0115332
0 0.21874
0 0.0180297
0 0.127019
0 0.0180549
0 0.0229162
0 0.176236
0 0.162828
0 0.0249464
0 0.00555408
1 0.987109
0 0.304494
0 0.0259793
0 0.00833574
0 0.0136652
0 0.00733414
0 0.0828192
0 0.0773205
0 0.0204735
0 0.0747932
0 0.0183912
0 0.0458579
0 0.0151388
0 0.0391433
0 0.000753402
0 0.0324465
0 0.0186729
0 0.103479
0 0.133477
0 0.0215985
0 0.00341022
0 0.00361236
0 0.0398451
0 0.210728
0 0.0873616
0 0.0209632
0 0.0285178
0 0.00498095
0 0.0366014
0 0.01491
0 0.124112
0 0.112911
0 0.0794404
0 0.0243426
0 0.0207265
0 0.132779
0 0.0192675
0 0.0586163
0 0.0630613
0 0.0039251
0 0.0085592
0 0.0162497
0 0.0647285
0 0.0301787
0 0.0016292
0 0.0342911
0 0.000917382
0 0.0421168
0 0.129655
0 0.102193
0 0.00416622
0 0.00114237
0 0.00408193
0 0.00909243
0 0.0177778
0 0.0109889
0 0.00328422
0 0.0252511
0 0.0271249
0 0.0141238
0 0.104045
0 0.0227902
0 0.0209036
1 0.0902654
0 0.0337651
0 0.00930807
0 0.00451786
0 0.017781
0 0.0192326
0 0.0176562
0 0.00631093
1 0.0931479
0 0.0257955
0 0.225546
0 0.0193195
0 0.0396418
0 0.0246082
0 0.0129591
0 0.00662003
0 0.00588811
0 0.0406182
0 0.00445548
0 0.0246046
0 0.197013
0 0.0111321
0 0.189469
0 0.0332262
0 0.0846294
0 0.00955709
1 0.0543148
0 0.0140081
0 0.00714015
0 0.0133232
0 0.106419
0 0.0279883
0 0.0162585
0 0.0146871
0 0.0170878
0 0.0120376
0 0.087732
0 0.148372
0 0.0179468
1 0.00671848
0 0.0313466
0 0.0663287
0 0.00452438
0 0.157996
0 0.042261
0 0.00313848
0 0.00740724
0 0.0150276
0 0.0156452
1 0.298273
1 0.160671
0 0.0138097
0 0.0337268
0 0.032959
0 0.124917
1 0.246399
0 0.00784552
0 0.0069052
0 0.00223242
0 0.0118189
0 0.0179242
0 0.0180646
0 0.0206112
0 0.00320413
0 0.0736807
0 0.00793059
0 0.00834934
0 0.0445364
0 0.023882
0 0.00274912
0 0.0252569
0 0.00737777
0 0.0153301
0 0.0133194
0 0.0689389
0 0.382917
0 0.0356879
0 0.00744236
0 0.0229948
0 0.0211703
0 0.00474384
0 0.00164169
0 0.00871727
0 0.00310027
0 0.0171172
0 0.0141855
0 0.0639644
0 0.0534022
0 0.00281259
0 0.00367455
0 0.0240661
0 0.00499633
0 0.0781806
0 0.0329483
0 0.0158746
0 0.0201152
0 0.011419
0 0.0345756
0 0.00666571
0 0.248083
0 0.0354891
0 0.0805818
0 0.0239994
0 0.0278874
0 0.0151644
0 0.0327971
0 0.00181832
0 0.0222847
0 0.0854284
0 0.01118
0 0.192026
0 0.00156554
0 0.0055168
0 0.0396547
0 0.0249023
0 0.0148153
0 0.00902579
0 0.025016
0 0.0158413
0 0.00845961
0 0.0128549
0 0.0225849
0 0.0183196
0 0.000518583
0 0.00951142
0 0.128301
0 0.00832173
0 0.0355448
0 0.0247848
0 0.000860675
0 0.00261826
0 0.0232178
0 0.174058
0 0.042009
0 0.00596461
0 0.0152152
0 0.00647122
0 0.0180446
0 0.00967219
0 0.0148522
0 0.0976204
0 0.0123589
0 0.147692
0 0.0409736
0 0.00195891
0 0.00708802
0 0.0546284
0 0.0056761
0 0.0478971
0 0.0658827
0 0.0719379
0 0.008549
0 0.0548875
0 0.0158918
0 0.0142734
0 0.000724164
0 0.00425836
0 0.0549478
0 0.0179882
0 0.0106883
0 0.0359052
0 0.0149379
0 0.0656902
0 0.0118501
0 0.200364
0 0.0249981
0 0.0201968
0 0.0358282
0 0.00627382
0 0.0412788
0 0.00132499
0 0.00398326
0 0.0141598
0 0.00617999
0 0.0328105
0 0.0803854
0 0.00840661
0 0.0306868
0 0.0552769
0 0.00776717
0 0.0352114
0 0.00408523
0 0.0330471
0 0.0338442
0 0.0349292
0 0.0301422
0 0.0677109
0 0.00570588
0 0.181631
0 0.00715966
0 0.0408745
0 0.0260308
1 0.0450571
0 0.00194629
0 0.122271
0 0.0164265
0 0.0164235
0 0.0203129
0 0.00552801
0 0.00101974
0 0.00162688
1 0.20911
0 0.0037977
0 0.0109915
0 0.0725214
0 0.0023243
0 0.0458183
0 0.061333
0 0.01045
0 0.0137289
0 0.00410412
0 0.000572422
0 0.0162314
0 0.107675
0 0.00840017
0 0.00310261
1 0.00890616
0 0.000929354
0 0.00339325
0 0.0275818
0 0.0337395
0 0.00698711
0 0.0212785
0 0.0142735
0 0.0159355
0 0.0743438
0 0.00676444
0 0.0639871
0 0.0110327
0 0.035458
0 0.00312804
0 0.0451372
0 0.00707686
0 0.00354357
0 0.0227864
0 0.00333716
0 0.0062686
0 0.0674419
0 0.0127865
0 0.0187133
0 0.00682375
0 0.0154988
0 0.0110508
0 0.0675413
0 0.00722562
0 0.0132812
0 0.0233649
0 0.0571613
0 0.00323756
0 0.052083
0 0.00380361
0 0.00308194
0 0.304994
0 0.0628444
0 0.0383421
0 0.00118467
0 0.00459751
0 0.000554994
0 0.00181391
0 0.0493624
0 0.00274556
0 0.0676998
0 0.00744533
0 0.00796722
0 0.0121828
0 0.020109
0 0.00682453
0 0.0375337
1 0.972053
0 0.0041667
0 0.0810916
0 0.00407207
0 0.163421
0 0.00112197
0 0.00475126
0 0.00713929
0 0.202472
0 0.0095118
0 0.0144446
0 0.0100215
0 0.019306
0 0.00458115
0 0.0658648
0 0.00971369
0 0.0145538
0 0.00326892
0 0.0388659
0 0.0205597
0 0.0322364
0 0.176361
0 0.0736923
0 0.0170551
0 0.0066059
0 0.00364413
0 0.00324966
0 0.138026
0 0.0492154
0 0.0204741
0 0.0665976
0 0.0258135
0 0.191773
0 0.00298081
0 0.0141067
0 0.0139613
0 0.0135646
0 0.070495
0 0.0430292
0 0.00637752
0 0.0335672
0 0.0143991
0 0.12499
0 0.01845
0 0.0286344
0 0.0282924
0 0.00107515
0 0.00432973
0 0.0899694
0 0.00452755
0 0.00219028
0 0.00699027
0 0.0425247
0 0.00195446
0 0.0706244
0 0.0733052
0 0.121494
0 0.0289928
0 0.00783599
0 0.0137429
0 0.00365896
0 0.090427
0 0.00312131
0 0.00127685
0 0.00336516
0 0.0175338
0 0.140805
0 0.0578017
0 0.00781625
0 0.00946117
0 0.00495026
0 0.00504006
0 0.0587201
0 0.0974362
0 0.0120936
0 0.0772356
0 0.00358305
0 0.0228697
0 0.0198899
0 0.337265
0 0.00536217
0 0.0654224
0 0.0680469
0 0.00811786
0 0.167476
0 0.0232587
0 0.00279166
0 0.0110791
0 0.0015592
0 0.264043
0 0.00216146
0 0.0673891
0 0.0102348
0 0.00336229
0 0.115676
0 0.00350112
0 0.082642
0 0.00127086
0 0.0194837
0 0.0130149
0 0.0307751
0 0.00699216
0 0.13886
0 0.0203405
0 0.00219735
0 0.00213505
0 0.0311716
0 0.00371698
0 0.0601609
0 0.0210546
0 0.0192882
0 0.0634511
0 0.0334065
0 0.00719848
0 0.0178385
0 0.00516831
0 0.000644176
0 0.0169397
0 0.013922
0 0.115494
0 0.0111318
0 0.00481717
0 0.0249992
0 0.0129355
0 0.00553537
0 0.00171127
0 0.0385387
0 0.0274468
0 0.00248244
0 0.0878797
0 0.0614603
0 0.1207
0 0.00117925
0 0.0111713
0 0.0203941
0 0.00420497
0 0.0462603
1 0.0870553
0 0.00259594
0 0.0302994
0 0.0269453
0 0.00389532
0 0.0159465
0 0.00165382
0 0.0460914
0 0.0475823
1 0.937448
1 0.239678
0 0.0145848
0 0.00653593
1 0.00628238
0 0.00250052
0 0.0201016
0 0.0189328
0 0.0259089
0 0.00154947
0 0.00528019
0 0.00379845
0 0.0205397
0 0.0448213
0 0.0670746
0 0.0557871
0 0.00992945
0 0.00648407
0 0.0623623
0 0.00994055
0 0.0631657
0 0.127789
0 0.0218968
1 0.0630758
0 0.00497742
0 0.0145242
0 0.00146867
0 0.00607494
0 0.00800559
0 0.0318902
0 0.000388361
0 0.00183077
0 0.00719974
0 0.0133679
0 0.0200331
0 0.0870306
0 0.072134
0 0.0311222
0 0.00195086
0 0.0133417
0 0.0997699
0 0.0247247
0 0.0369687
0 0.00580207
0 0.00997223
0 0.00116689
0 0.00575665
0 0.0888234
0 0.00811356
0 0.00790424
0 0.0773568
0 0.108353
0 0.0217643
0 0.0354987
0 0.117907
0 0.00777097
0 0.015962
0 0.11969
0 0.00881659
0 0.0487993
0 0.0460886
1 0.0729602
0 0.147043
0 0.0464056
0 0.129685
1 0.0892677
0 0.373451
0 0.0250885
0 0.000470826
0 0.0157303
0 0.012566
0 0.00112041
0 0.0198908
0 0.0175279
0 0.013406
0 0.00500298
0 0.0152874
0 0.0219969
0 0.00581758
0 0.0120021
0 0.0154854
0 0.0192519
1 0.0979918
0 0.00112989
0 0.10071
0 0.00260406
0 0.0018038
0 0.0859536
0 0.0164789
0 0.0181987
0 0.000655794
0 0.00988929
0 0.0958861
0 0.124713
0 0.0178747
0 0.0297503
0 0.0136686
0 0.0891699
0 0.0043975
0 0.00828355
0 0.00109542
0 0.00213074
0 0.0372049
0 0.000522203
0 0.00978832
0 0.0217328
0 0.150134
0 0.0211643
0 0.00654533
0 0.0111571
0 0.0505329
0 0.00482236
0 0.0068059
0 0.00695969
0 0.00455755
0 0.013233
0 0.0869394
0 0.00638967
0 0.00679771
0 0.103255
0 0.0232342
1 0.0750914
0 0.0821765
0 0.00426388
0 0.145106
0 0.000945431
0 0.000860186
0 0.0209606
0 0.0482043
0 0.000419168
0 0.0465813
0 0.00163978
0 0.0171177
0 0.0081505
0 0.175289
0 0.00354824
0 0.00132385
0 0.0142735
0 0.0490289
0 0.0105822
0 0.00144141
0 0.0107018
0 0.116222
0 0.0110707
0 0.0112589
0 0.0074088
0 0.000755555
0 0.106435
0 0.00241399
0 0.103647
0 0.0271232
0 0.0089326
0 0.0186218
0 0.102284
0 0.00265743
0 0.217058
0 0.0073937
0 0.00592154
0 0.0105448
0 0.00222676
0 0.0157897
0 0.00596011
0 0.0111356
0 0.130838
0 0.00233994
0 0.00230617
0 0.0229001
0 0.0360041
0 0.0143411
0 0.0505199
0 0.00460367
0 0.0105902
0 0.0112908
0 0.00246499
0 0.0559882
0 0.00574324
0 0.036725
0 0.082589
0 0.0706243
0 0.143418
0 0.0537306
0 0.108039
0 0.00817957
0 0.0016034
0 0.00858977
0 0.0361997
0 0.04368
0 0.00199869
1 0.190878
1 0.0734209
0 0.0512107
1 0.00192462
0 0.00407708
0 0.00710506
0 0.0209835
0 0.0211317
0 0.00449155
0 0.00950495
0 0.0107989
0 0.0874721
0 0.0592547
0 0.00500517
0 0.0172234
0 0.00510462
0 0.0753008
0 0.0227431
0 0.00941198
0 0.00434846
0 0.0127287
0 0.00133631
0 0.0177154
0 0.0106087
0 0.0494455
0 0.0111747
0 0.0924784
0 0.000874815
0 0.124235
0 0.0162981
0 0.0231766
0 0.00516191
0 0.0192065
0 0.0491716
0 0.00305827
0 0.0403362
0 0.0379266
0 0.0314001
0 0.0246072
0 0.0138777
0 0.0646913
0 0.0050856
0 0.0766238
1 0.0570673
0 0.0447741
0 0.0455294
0 0.00255136
0 0.00487256
1 0.0468045
0 0.00999217
0 0.00192948
0 0.00274259
0 0.00900399
0 0.000386611
0 0.241312
0 0.0919911
0 0.0220287
0 0.00372263
0 0.020802
0 0.0193945
0 0.0013227
0 0.000529988
0 0.00149761
0 0.135438
0 0.0250889
0 0.00384384
0 0.0302911
0 0.0665427
0 0.00494879
0 0.0164798
0 0.0156138
0 0.0282435
0 0.0825243
0 0.0613502
0 0.0296383
0 0.0132855
0 0.0587649
0 0.0344979
0 0.00823308
0 0.00466712
0 0.0653415
0 0.0507269
0 0.00824667
0 0.00502349
0 0.0824615
0 0.0260323
0 0.0066299
0 0.0059879
0 0.026934
0 0.0205109
0 0.0171255
0 0.00440048
0 0.0110323
0 0.141307
0 0.00564894
0 0.00841507
0 0.0125002
0 0.0239281
1 0.0136714
0 0.00588266
0 0.038923
0 0.0120576
0 0.000779739
0 0.0407182
0 0.0578273
1 0.0602125
0 0.00130799
0 0.0217595
0 0.006889
0 0.0480645
0 0.0940205
0 0.0147912
0 0.0300127
0 0.0545858
0 0.0181334
0 0.0366259
0 0.0141533
0 0.00389583
0 0.00518505
0 0.119439
0 0.0221057
0 0.11711
0 0.00840729
0 0.00888565
1 0.152494
0 0.0155012
0 0.152549
0 0.0221212
0 0.0356479
0 0.0618016
0 0.0308057
0 0.0368116
0 0.0154074
0 0.000558355
0 0.136642
0 0.00233037
0 0.0468505
0 0.00104134
0 0.00847958
0 0.00397652
0 0.00247951
0 0.0195035
1 0.242644
0 0.00211742
0 0.045806
0 0.00628071
0 0.00447798
0 0.000550547
0 0.00268287
0 0.0291863
0 0.0176071
0 0.00225166
0 0.0133668
0 0.00198193
0 0.00418612
0 0.0452246
0 0.0137161
0 0.0041125
0 0.0227685
0 0.00568422
1 0.00314329
0 0.0141597
0 0.00611329
0 0.00105866
0 0.0475801
0 0.0033161
0 0.102796
0 0.00800416
0 0.0259227
0 0.0215781
0 0.0129371
0 0.00188976
0 0.000956232
0 0.00289073
0 0.0409332
0 0.00488494
0 0.0162203
0 0.061804
0 0.0406641
0 0.0629413
0 0.014429
0 0.00369302
0 0.0951655
0 0.139795
0 0.0179885
1 0.0243536
0 0.0819987
0 0.028791
0 0.0101689
0 0.0131854
0 0.0301313
0 0.220293
0 0.00234541
0 0.103572
0 0.0515311
0 0.00711181
0 0.0009796
0 0.0481533
0 0.0451663
0 0.0156423
0 0.0179006
0 0.0140162
0 0.0446413
0 0.00337169
0 0.00592252
0 0.00479293
0 0.0448634
0 0.0262971
0 0.00522683
0 0.000619708
0 0.0240507
0 0.0381364
0 0.00303503
0 0.00333463
0 0.0277117
0 0.00151901
0 0.119313
1 0.0805742
0 0.0343614
0 0.00981846
0 0.0160595
0 0.0152296
0 0.0177796
0 0.0813804
0 0.0312673
0 0.00695903
0 0.00340549
0 0.0277262
0 0.0263825
0 0.00151374
0 0.0109213
0 0.0100656
0 0.0259658
0 0.0043345
0 0.102722
0 0.0608741
0 0.000870437
0 0.133952
0 0.00280239
0 0.00336889
0 0.00504691
0 0.0266619
0 0.0288542
0 0.0174263
0 0.0651579
0 0.0205729
0 0.00219537
0 0.0330611
0 0.00280144
0 0.00250974
0 0.00768067
0 0.0367331
0 0.0120295
0 0.012832
0 0.00672898
0 0.00159161
0 0.01492
0 0.00656061
0 0.006998
0 0.037512
0 0.000721897
0 0.00389985
1 0.159607
0 0.00167935
0 0.0154371
0 0.0589057
0 0.0509944
1 0.00890675
0 0.0801915
0 0.0356977
0 0.400856
0 0.0162111
0 0.0217048
0 0.0196278
0 0.00324601
0 0.308846
0 0.00259166
0 0.0354369
0 0.0060839
0 0.0101589
0 0.0147764
0 0.0207445
0 0.00108646
0 0.00730648
0 0.0239554
1 0.855047
0 0.00192783
0 0.00144608
0 0.0045105
1 0.949412
0 0.152006
0 0.0803953
0 0.00319113
0 0.0078581
0 0.00798529
0 0.00247555
0 0.00841116
0 0.00371897
0 0.0223781
0 0.0202172
0 0.0128623
0 0.0118622
1 0.0747193
0 0.126919
0 0.00617727
0 0.00224342
0 0.0102228
0 0.0047432
0 0.00486184
0 0.029229
0 0.00710038
0 0.010411
0 0.0118259
0 0.00185274
0 0.0288799
0 0.000844146
0 0.0154072
0 0.0152982
0 0.0494005
0 0.0955214
0 0.0719068
0 0.0536722
0 0.00837829
0 0.00814369
0 0.0971219
0 0.0304591
0 0.00102428
0 0.0896551
0 0.0323649
0 0.0394226
0 0.0127816
0 0.0180036
0 0.00508427
0 0.0940377
0 0.0454555
0 0.0798659
0 0.003067
0 0.02648
0 0.00811314
0 0.0408445
0 0.00146929
0 0.154213
0 0.00770794
0 0.0192836
0 0.095205
0 0.00324522
0 0.0253914
0 0.0304632
0 0.209105
0 0.021122
0 0.00169392
0 0.00605854
0 0.0980827
0 0.0451894
0 0.000583876
0 0.0439042
0 0.00272404
0 0.0185587
0 0.0141314
0 0.0352442
0 0.0229679
0 0.00317828
1 0.975717
0 0.00364858
0 0.11288
0 0.00808356
0 0.0560619
0 0.0329545
0 0.0223016
0 0.13739
0 0.0518074
0 0.00860564
0 0.0087508
0 0.00171222
0 0.00843893
0 0.00263567
1 0.430575
0 0.0196668
0 0.0027132
0 0.0205158
0 0.0310625
0 0.00333195
0 0.00331397
0 0.0415994
0 0.0169426
0 0.0294975
0 0.0501206
0 0.00519936
0 0.0376774
0 0.00467577
0 0.137671
0 0.0403944
0 0.0307032
0 0.019528
0 0.00196549
0 0.00127929
0 0.0431362
0 0.0160875
0 0.0684846
0 0.0221934
0 0.00316406
0 0.0167074
0 0.0218744
0 0.00256721
0 0.0381885
0 0.205462
0 0.00468966
1 0.975928
0 0.0281234
0 0.146115
0 0.0128494
0 0.0114655
0 0.0591241
0 0.0315313
0 0.00786791
0 0.017769
0 0.00858364
0 0.00503865
0 0.0046909
0 0.00451078
0 0.00421569
0 0.00213776
0 0.0110969
0 0.0218563
0 0.0168243
0 0.00270543
0 0.0569199
0 0.00148256
0 0.00428988
0 0.0138557
0 0.131154
0 0.0496524
0 0.0125849
0 0.0199524
0 0.0303565
0 0.0118242
0 0.013615
1 0.0705827
0 0.480994
0 0.043582
0 0.225427
0 0.0132927
0 0.0220472
0 0.00891017
1 0.0056153
0 0.0196938
0 0.0272974
0 0.00258001
0 0.0498095
0 0.00520085
0 0.0455221
0 0.0491931
0 0.00793883
0 0.0695956
0 0.00200235
0 0.023775
0 0.00736289
0 0.00203442
0 0.0606059
0 0.138054
0 0.275303
0 0.151675
0 0.0204819
0 0.0138413
0 0.330394
0 0.00712676
0 0.0507528
0 0.0113128
0 0.00560056
0 0.00548736
1 0.228638
0 0.0171755
0 0.00333548
0 0.00203883
0 0.00728275
0 0.0239641
1 0.102255
0 0.0344902
0 0.066588
0 0.036006
0 0.0455219
0 0.0527452
0 0.00395802
0 0.010014
0 0.00843924
0 0.00833246
0 0.0551428
0 0.0177224
1 0.179597
0 0.119668
0 0.00974161
0 0.172709
0 0.00335113
1 0.0257978
0 0.00101458
0 0.112318
0 0.0549738
0 0.0209915
0 0.00186538
0 0.0267925
0 0.00134719
0 0.0025282
0 0.0559858
1 0.00620164
0 0.0857363
0 0.00181016
0 0.306257
0 0.00799613
0 0.00958115
0 0.00571725
0 0.00231027
0 0.0168596
0 0.0651661
0 0.0371078
0 0.000874844
0 0.205008
0 0.0200192
0 0.0853571
0 0.0143051
0 0.00133735
0 0.0112659
0 0.00740023
0 0.0303706
0 0.00921175
0 0.0590757
0 0.00422533
0 0.0274894
0 0.014465
0 0.0101476
0 0.055473
0 0.00937138
0 0.00731217
0 0.00604952
0 0.000719774
0 0.0211185
0 0.0496587
0 0.0304939
0 0.101138
0 0.0116253
0 0.00924931
0 0.0476664
0 0.0939059
0 0.0702711
0 0.0210954
0 0.170392
0 0.0801935
0 0.0218236
0 0.016849
0 0.334211
0 0.0179983
0 0.00432983
0 0.055216
0 0.0509677
0 0.00314989
0 0.0248833
0 0.0128453
0 0.0497389
0 0.0551858
0 0.0354539
0 0.0263779
0 0.0349695
0 0.00443585
0 0.0314765
0 0.0263284
0 0.00553779
0 0.0545943
0 0.0377861
0 0.00362589
0 0.0573541
0 0.00211858
0 0.00535785
0 0.0257222
0 0.0714732
0 0.0975979
0 0.00124194
0 0.00471731
0 0.00974338
0 0.0244045
0 0.108778
0 0.00239523
0 0.0139996
0 0.0194051
0 0.140943
0 0.0432887
0 0.00295116
0 0.261063
0 0.0293426
0 0.0278709
0 0.0263412
0 0.0411831
0 0.00321634
0 0.0178003
0 0.173224
0 0.00499365
0 0.00329134
0 0.385205
0 0.00309131
0 0.0182332
0 0.0116922
0 0.00281183
0 0.0405856
0 0.017783
0 0.00757609
0 0.00304119
0 0.0235337
0 0.0268581
0 0.00842919
0 0.00644375
0 0.0321293
0 0.116843
0 0.0319471
0 0.0216131
1 0.0160313
0 0.0372523
0 0.0125993
0 0.0285397
0 0.0261059
0 0.0213372
0 0.00322342
1 0.990928
0 0.000475209
0 0.00122451
0 0.0400356
0 0.0135003
0 0.00393725
0 0.0037821
0 0.000722439
0 0.0292036
0 0.00129364
0 0.0846115
0 0.0453696
0 0.0985837
0 0.0457657
1 0.137712
0 0.0254119
0 0.0440719
0 0.00915091
0 0.00182051
0 0.0728653
0 0.0134234
0 0.031228
0 0.128513
0 0.00227845
0 0.0108789
0 0.109819
0 0.00400496
0 0.00152824
0 0.177783
0 0.0006255
0 0.0364453
0 0.0284591
0 0.0397521
0 0.00501912
0 0.00981708
0 0.0106345
0 0.00673495
0 0.00508667
0 0.00896574
0 0.00412344
0 0.0169095
1 0.0693428
0 0.00229542
0 0.0975979
0 0.0271313
0 0.064017
0 0.0124053
0 0.00721391
0 0.0056575
0 0.00717321
0 0.248205
0 0.0124081
0 0.00227921
0 0.0104074
0 0.0655677
0 0.0129653
0 0.016593
1 0.446669
0 0.00580935
0 0.00102945
0 0.0149613
0 0.0556999
0 0.133635
0 0.00577724
0 0.010372
0 0.00190397
0 0.0151554
1 0.03551
0 0.0195401
0 0.00123341
0 0.0144405
0 0.00181954
0 0.0161627
0 0.00419864
0 0.00051175
0 0.00996786
0 0.00147436
0 0.0259008
0 0.0581154
1 0.0177595
0 0.00517282
0 0.00772772
0 0.0107717
0 0.0668463
0 0.0207949
0 0.0199456
0 0.0703718
0 0.00856072
0 0.00735341
0 0.0330941
0 0.00211331
0 0.0417073
0 0.00697291
0 0.063102
0 0.000812457
0 0.00324535
0 0.0112479
0 0.046349
1 0.129298
1 0.142315
0 0.0101783
0 0.00148842
0 0.111347
0 0.103748
1 0.108601
0 0.227968
0 0.00408896
0 0.0259942
0 0.00339865
0 0.0134608
0 0.000718524
0 0.0720545
0 0.00334295
0 0.0087447
0 0.00416516
1 0.182292
0 0.00558161
0 0.00576771
0 0.0561121
0 0.103437
0 0.0537642
0 0.00773858
0 0.0229242
1 0.0426547
0 0.0651612
0 0.0108409
0 0.0128506
0 0.0927967
0 0.156507
0 0.000699612
0 0.00617035
1 0.103459
0 0.0121455
0 0.0193135
0 0.188154
0 0.0914154
0 0.0121285
0 0.0388953
0 0.0373379
0 0.0163873
0 0.0127823
0 0.0160825
0 0.0121413
0 0.0202798
0 0.000616456
0 0.0473811
0 0.00160717
0 0.0436401
0 0.022497
0 0.00130172
0 0.00115191
0 0.145397
0 0.0240782
0 0.0260321
0 0.000685325
0 0.040251
0 0.0395555
0 0.000793378
0 0.111489
0 0.0247537
0 0.00634326
0 0.0092564
0 0.031064
0 0.0170454
0 0.145084
0 0.032364
0 0.002811
0 0.00255452
0 0.0166889
0 0.0214349
0 0.00649041
0 0.0531581
0 0.00270925
0 0.0682557
0 0.0222539
0 0.0171594
0 0.0194074
0 0.249875
0 0.00370523
0 0.0356243
0 0.000850863
0 0.00207609
0 0.00658421
0 0.0155225
0 0.00233842
0 0.00181835
0 0.00602295
0 0.00542795
0 0.00193684
1 0.00703468
0 0.0160089
0 0.00977612
0 0.0427989
0 0.010145
0 0.0598092
0 0.0685657
0 0.016017
0 0.0729175
0 0.000628759
0 0.00584446
0 0.015149
0 0.107636
0 0.0176839
1 0.0914344
0 0.010748
0 0.00835784
0 0.0138482
0 0.0391582
0 0.13492
0 0.12078
0 0.000712241
0 0.0154236
0 0.00666832
1 0.993102
0 0.0390641
0 0.00249785
0 0.0353087
0 0.0262701
0 0.00295628
0 0.148
0 0.144646
0 0.083653
0 0.0099503
0 0.0123938
0 0.034005
0 0.017645
0 0.020145
0 0.000796211
0 0.0148054
0 0.00767134
0 0.00229494
0 0.000424612
0 0.0323815
1 0.014412
0 0.0935081
0 0.00450449
0 0.0115487
0 0.0170053
0 0.00590393
0 0.00796115
0 0.0120566
0 0.00407676
0 0.06998
0 0.371294
0 0.188397
0 0.00915099
0 0.0203123
0 0.00773135
0 0.00295677
0 0.0559482
0 0.0371788
0 0.00850364
0 0.0470226
0 0.0196953
0 0.00757494
0 0.210605
1 0.122502
0 0.00546422
0 0.0813406
0 0.00376416
0 0.0414357
1 0.0188154
0 0.104405
0 0.0201708
0 0.000825965
0 0.034085
0 0.0119428
0 0.0121724
0 0.0349129
0 0.0108628
0 0.00302938
0 0.0068818
0 0.00282352
0 0.0109525
0 0.00163711
0 0.0305774
0 0.036478
0 0.0883256
0 0.0150779
0 0.030831
0 0.0461179
0 0.00131068
0 0.00966284
0 0.03468
0 0.0039713
0 0.0151764
0 0.0180965
0 0.0229395
0 0.0124845
0 0.0131563
0 0.0146578
0 0.137239
0 0.00573329
0 0.105852
0 0.00272803
1 0.167949
0 0.0682591
0 0.00587938
0 0.0418005
0 0.0163496
1 0.0159374
0 0.00203294
0 0.0362015
0 0.0116847
0 0.0259367
0 0.00282726
0 0.00717624
0 0.0169027
1 0.249274
0 0.0336233
0 0.0286563
0 0.0441996
0 0.00176881
0 0.0252617
0 0.0067706
0 0.00166203
0 0.0183879
0 0.121723
0 0.0594375
0 0.0251667
0 0.0117906
0 0.0325669
0 0.0129508
0 0.00545241
0 0.0169416
0 0.160131
0 0.00250287
0 0.0104469
0 0.0112919
0 0.00805323
0 0.0207752
0 0.0558035
0 0.0224575
0 0.00125608
0 0.0164496
0 0.00337491
0 0.0190616
0 0.011809
0 0.00870478
0 0.0183511
0 0.0375934
0 0.0434185
0 0.0694847
0 0.122889
0 0.0109223
0 0.0678181
0 0.0122395
0 0.00318854
0 0.00168722
0 0.0843762
0 0.00525082
0 0.06741
0 0.00854918
0 0.0604015
0 0.108567
0 0.00807258
0 0.00366462
0 0.0113443
0 0.0552818
0 0.00121399
0 0.0164966
0 0.110771
0 0.0955196
0 0.0217859
0 0.0310723
0 0.0657075
0 0.0127945
0 0.00986958
0 0.0253026
0 0.0341665
0 0.116567
0 0.000781792
0 0.180408
0 0.0448071
0 0.0238034
0 0.104025
0 0.0425983
0 0.0150994
0 0.0020141
0 0.00678931
0 0.0223439
0 0.00920763
0 0.274623
0 0.0324294
0 0.00174578
0 0.00287926
0 0.00558561
0 0.00840212
0 0.0283099
0 0.0303984
0 0.0010145
0 0.0119816
0 0.0159325
0 0.0141753
0 0.0441217
0 0.00122456
0 0.00917536
0 0.00273561
0 0.0442291
0 0.00266428
0 0.000571055
0 0.0858236
0 0.0219102
0 0.0108473
0 0.0179381
0 0.045578
0 0.00468893
0 0.000465062
0 0.0499199
0 0.0991665
0 0.0115813
0 0.00103494
0 0.0138936
0 0.000663827
0 0.0337253
0 0.00762369
0 0.0184337
0 0.285357
0 0.0597342
0 0.00576575
0 0.00125305
0 0.00921108
0 0.0239447
0 0.00606954
0 0.0170094
0 0.00596294
0 0.0540772
0 0.0537608
0 0.0632835
1 0.290713
0 0.042614
0 0.0551832
0 0.000900843
0 0.038811
0 0.00303558
0 0.190311
0 0.0201272
0 0.116047
0 0.115979
0 0.0102998
0 0.274747
0 0.000489226
0 0.0731266
0 0.129143
0 0.0173278
0 0.00171861
0 0.0120419
0 0.00395556
0 0.00679506
0 0.0226855
0 0.0445809
0 0.139528
0 0.0242124
0 0.155301
0 0.0120721
0 0.0104169
0 0.0348087
1 0.0446429
0 0.0275619
0 0.0704476
0 0.147928
0 0.0233217
1 0.99438
0 0.00307411
1 0.935947
0 0.3058
0 0.0234875
0 0.0778537
0 0.0136131
0 0.00393402
0 0.0260612
0 0.0594083
0 0.00985205
0 0.00718739
0 0.0184162
0 0.103572
0 0.0027202
0 0.0223734
0 0.0213505
0 0.0733794
0 0.0027867
0 0.0156889
0 0.00483252
0 0.00774588
0 0.0767591
0 0.00761263
0 0.0395275
0 0.0252666
0 0.0204104
0 0.00108094
0 0.0575362
0 0.00980443
0 0.0256954
0 0.00572582
0 0.154904
0 0.0656696
0 0.00311553
0 0.0187475
0 0.0140332
0 0.0606312
0 0.0120992
0 0.0103453
0 0.00143848
0 0.022925
0 0.0196598
0 0.0156862
0 0.0492138
0 0.0493359
0 0.0246992
0 0.0105371
0 0.0149739
0 0.00531171
0 0.00942287
0 0.0434858
0 0.0188726
0 0.0142046
0 0.000557309
1 0.401005
0 0.00122196
0 0.00929711
0 0.00276389
0 0.0112786
0 0.134323
0 0.0390175
0 0.0101867
0 0.00876322
0 0.452539
0 0.0703081
0 0.00382675
0 0.00510402
1 0.0405766
0 0.0593921
0 0.028912
0 0.00887516
0 0.0677449
0 0.032424
0 0.00226419
0 0.0233465
0 0.198029
0 0.0213024
0 0.00763694
0 0.0293673
0 0.0128575
0 0.0969602
0 0.00980682
0 0.00618676
0 0.00149499
0 0.112946
0 0.00312369
0 0.0354759
0 0.0907533
0 0.0596475
0 0.015316
0 0.016546
0 0.00153868
0 0.0499937
0 0.0023313
0 0.0295208
0 0.048707
0 0.00778168
0 0.00130247
0 0.0786836
0 0.165284
0 0.0128076
0 0.00491493
0 0.00169561
0 0.0317205
0 0.00585957
0 0.015198
0 0.0067877
0 0.0250198
0 0.0376772
0 0.144444
0 0.0103183
0 0.0260538
0 0.00625652
0 0.00869395
0 0.0034704
0 0.00735355
0 0.141034
0 0.0237513
0 0.0047097
0 0.0741275
0 0.00857795
0 0.0363481
0 0.00930594
0 0.0138324
0 0.0490167
0 0.00452864
0 0.159692
0 0.0045937
0 0.476704
0 0.0370205
0 0.0137855
0 0.00692155
0 0.0012011
0 0.0122845
0 0.00360374
0 0.00988238
0 0.00112431
0 0.14294
0 0.0663725
0 0.0763479
0 0.00245427
0 0.0371213
0 0.107881
0 0.0816719
0 0.0884158
0 0.00819666
0 0.000590374
0 0.266936
0 0.00801871
0 0.0111931
0 0.0072857
0 0.0136297
0 0.0143565
0 0.0130704
0 0.00399962
0 0.0050549
0 0.00823211
0 0.0317298
0 0.00558306
0 0.0214696
0 0.0832312
0 0.0129303
0 0.121939
0 0.011293
0 0.00784458
0 0.14382
0 0.00269089
0 0.0157283
0 0.00215289
0 0.0681208
0 0.0316462
0 0.0734674
0 0.00639637
0 0.123992
0 0.0283051
0 0.004773
0 0.0397886
0 0.0369401
0 0.00639523
0 0.178281
0 0.0305743
0 0.0219785
0 0.00138085
0 0.00566243
0 0.0274184
0 0.0196464
0 0.0406997
0 0.252212
0 0.0725456
0 0.0352131
0 0.484785
0 0.0162698
0 0.0201882
0 0.0522751
0 0.0424409
0 0.034249
0 0.0294624
0 0.00213705
0 0.0582741
0 0.010221
1 0.268654
0 0.310778
0 0.000791339
1 0.143249
0 0.0164316
0 0.00196129
0 0.00193127
0 0.0241853
0 0.0359377
0 0.0144597
0 0.00264021
1 0.954566
0 0.0494147
0 0.0122893
0 0.0232912
0 0.000633584
0 0.000381176
0 0.0757535
0 0.00995947
0 0.274316
0 0.0284841
0 0.59259
0 0.00195308
0 0.0323467
0 0.00352987
0 0.388538
0 0.00146562
0 0.00603177
0 0.00613918
0 0.00527035
0 0.00109705
1 0.00802424
0 0.00347333
0 0.0070854
0 0.0204931
0 0.00509899
0 0.00048882
0 0.0100055
0 0.0125967
0 0.00295911
0 0.00361605
0 0.0243129
0 0.0131396
0 0.010503
0 0.0208124
0 0.000815124
0 0.0136061
0 0.0365881
0 0.0216304
0 0.0313755
0 0.0371284
0 0.0025751
0 0.204594
0 0.0964755
0 0.0136019
0 0.0119065
0 0.0876493
0 0.000976093
0 0.00737619
0 0.001855
0 0.00996781
0 0.0132712
0 0.00265047
0 0.0177364
0 0.0112018
0 0.00651723
0 0.016202
0 0.0153041
0 0.0391587
0 0.0306633
0 0.0102474
0 0.00367089
0 0.00685193
0 0.0844299
0 0.0586457
0 0.0216154
0 0.108553
0 0.0163401
0 0.0722972
0 0.00927675
0 0.00240266
0 0.01366
0 0.0557943
0 0.0374492
0 0.0157861
0 0.18076
0 0.00125686
0 0.300859
0 0.0207645
0 0.00075879
0 0.0123836
0 0.0118495
0 0.116468
0 0.0151591
0 0.0166497
0 0.0060746
0 0.0252616
0 0.00568833
0 0.0387436
0 0.00560553
0 0.00480364
0 0.115581
0 0.00688589
0 0.0205902
0 0.0266323
0 0.00123051
0 0.0682187
0 0.000625187
1 0.0212829
0 0.0613962
0 0.0100037
0 0.000971015
0 0.00942464
0 0.0488176
0 0.0398095
0 0.00662733
0 0.023098
0 0.00780841
1 0.0515898
0 0.0147397
0 0.0229287
0 0.112111
0 0.0016894
0 0.00641304
0 0.057469
0 0.214411
0 0.201474
0 0.00148868
0 0.00223554
0 0.102972
0 0.00348223
0 0.00776999
0 0.061186
1 0.137032
0 0.0342594
0 0.0961103
0 0.297134
0 0.00479014
0 0.107192
0 0.0291636
0 0.0108497
0 0.0389344
0 0.0138083
0 0.00687903
0 0.0165846
0 0.0500795
0 0.00788032
0 0.0136162
0 0.000792189
0 0.0137172
0 0.00121786
0 0.0327836
0 0.0211238
0 0.00383844
0 0.00896066
0 0.0887958
0 0.0100901
1 0.0259321
0 0.00689085
0 0.00736243
0 0.0169443
0 0.00454159
0 0.0552326
0 0.25104
0 0.00119996
0 0.000735448
0 0.0577718
0 0.0209699
0 0.0379005
0 0.00124515
0 0.00621756
0 0.00503175
0 0.00289462
0 0.0138341
0 0.00814491
0 0.00656265
0 0.000882724
0 0.00121943
0 0.0118487
1 0.156623
0 0.0249319
0 0.00160953
0 0.00261121
0 0.0127549
0 0.0366987
0 0.00742198
0 0.0200465
0 0.0158335
0 0.0276139
0 0.00349023
0 0.0106978
0 0.197048
0 0.00605478
0 0.0303792
0 0.00320648
0 0.100151
0 0.0392778
0 0.00435871
0 0.00519058
0 0.0718817
0 0.00602633
0 0.013743
0 0.00219223
1 0.0514468
0 0.00221713
0 0.0502051
0 0.0551354
1 0.339686
0 0.0314513
0 0.00485299
0 0.231935
0 0.0306053
0 0.0108649
0 0.00680132
0 0.0476275
0 0.00230816
0 0.00104797
0 0.0342456
0 0.0128156
0 0.00331074
0 0.0335472
0 0.00939635
0 0.00525989
0 0.00995494
0 0.0951195
0 0.0125786
0 0.0274468
0 0.00178367
0 0.0105517
0 0.0127411
0 0.0833681
0 0.0145913
0 0.0182853
0 0.0132919
0 0.00881205
0 0.0377448
0 0.00825329
0 0.0471905
0 0.0201821
0 0.157568
0 0.00734902
0 0.00405279
0 0.0177366
0 0.0137859
0 0.0247466
0 0.0117012
0 0.0162643
0 0.152765
0 0.00380046
0 0.117668
0 0.00624923
0 0.00790597
0 0.117567
0 0.0954321
0 0.00302776
0 0.017759
0 0.0106299
0 0.0308738
0 0.0119027
0 0.0766911
1 0.343785
0 0.0238836
0 0.00169408
0 0.0363113
0 0.131833
0 0.00127762
0 0.0272009
0 0.00991567
0 0.00864732
0 0.0568177
0 0.00465122
0 0.018395
1 0.98762
0 0.0119472
0 0.0164848
0 0.00362082
0 0.00116754
0 0.0236263
0 0.0295518
0 0.00724251
0 0.0721163
0 0.0167486
0 0.0805765
0 0.0283339
0 0.0086098
1 0.97153
0 0.0101156
0 0.0713965
0 0.00732767
0 0.0191327
0 0.0834478
0 0.122558
0 0.0800847
0 0.0390109
0 0.0231559
1 0.183392
0 0.0330002
0 0.00500258
0 0.0814143
0 0.0105384
0 0.00658355
0 0.0260189
0 0.0435234
0 0.0247146
0 0.0957232
0 0.00177006
0 0.132294
0 0.00282491
0 0.0130588
0 0.0137752
0 0.0693598
0 0.0184513
0 0.00451144
0 0.0215791
0 0.00228027
0 0.0197153
0 0.0138311
0 0.017264
0 0.0022914
0 0.00410833
0 0.00295717
0 0.028148
0 0.0197489
0 0.00383005
0 0.0216903
0 0.00720824
0 0.000628902
0 0.0117146
0 0.103655
0 0.000580046
0 0.193154
0 0.00956761
0 0.0170216
0 0.00227125
0 0.013916
0 0.0103058
0 0.00471537
0 0.0157071
0 0.0180798
0 0.00435576
0 0.190412
0 0.0493203
0 0.00254821
0 0.00106578
0 0.0100929
0 0.00275717
0 0.0128412
0 0.00306314
0 0.00634848
0 0.0151813
0 0.0107147
0 0.036418
0 0.0179533
0 0.0173698
0 0.00467892
0 0.0312181
0 0.0589164
1 0.0307062
0 0.0645292
1 0.0133488
0 0.0439292
1 0.498524
0 0.0480824
0 0.0765093
0 0.0787781
0 0.0182861
0 0.0878029
0 0.00187718
0 0.0658491
0 0.00814666
0 0.0189684
0 0.0717658
0 0.11855
0 0.0181097
0 0.0477101
0 0.00134883
0 0.0483616
0 0.034077
0 0.00227386
0 0.0620646
0 0.0084653
1 0.0825056
0 0.032357
1 0.98635
0 0.0875392
0 0.0141901
0 0.00681475
0 0.0112274
0 0.123543
0 0.00684324
0 0.016169
0 0.00249054
0 0.011077
0 0.0748117
0 0.0116157
0 0.0408148
0 0.055599
0 0.00866519
0 0.00135129
0 0.00970809
0 0.00224567
0 0.00198182
0 0.00317916
0 0.00558025
0 0.0037211
0 0.0253116
0 0.0199156
0 0.00931534
0 0.0100323
0 0.00812709
0 0.00164515
0 0.0218286
0 0.0124981
0 0.0801464
0 0.203157
0 0.0350585
0 0.0013715
1 0.0568849
0 0.00972659
0 0.0300437
0 0.00145731
0 0.0172678
0 0.0145621
0 0.00505192
0 0.0178301
0 0.0136324
0 0.0223999
0 0.0969832
0 0.0241681
0 0.00543072
0 0.00819108
0 0.0265518
0 0.0275846
0 0.0664246
0 0.0580602
0 0.0252116
0 0.0158535
0 0.0356249
0 0.0434921
0 0.00113892
0 0.00785537
0 0.0321519
0 0.000724547
0 0.0194634
0 0.0246173
0 0.00660173
0 0.0096068
0 0.0205595
0 0.00957152
0 0.00751151
0 0.00752071
0 0.00340348
0 0.00486973
0 0.02145
0 0.00130699
0 0.133375
0 0.0138195
0 0.0293616
0 0.0181252
0 0.00753174
0 0.0589894
0 0.0154988
0 0.0932534
0 0.0425104
0 0.0179547
0 0.00968998
0 0.109533
0 0.152191
0 0.0256246
0 0.0121202
0 0.0120601
0 0.157546
0 0.0158566
0 0.0486658
0 0.00530019
0 0.0278918
0 0.00541916
0 0.0011172
0 0.0535663
0 0.0727511
0 0.0247183
0 0.0128015
0 0.000600538
0 0.0833434
0 0.00102619
0 0.00879094
0 0.0164665
0 0.0191873
0 0.0673753
0 0.000600903
1 0.193226
0 0.111248
0 0.0313448
0 0.00428746
0 0.0154499
0 0.0189017
0 0.0308265
0 0.0120143
0 0.00756025
1 0.997205
0 0.00671864
0 0.0336451
0 0.00350045
1 0.0956551
0 0.00729229
0 0.0460965
0 0.00786166
0 0.00518772
0 0.024304
0 0.00633083
0 0.00281262
0 0.175808
0 0.00414362
0 0.00899256
0 0.00551422
0 0.0662245
0 0.00120465
0 0.05208
0 0.0557846
0 0.00222043
0 0.14779
0 0.00416057
0 0.00400801
0 0.0776905
0 0.00305905
0 0.0392932
0 0.0206542
0 0.0342173
0 0.0102971
0 0.00232221
0 0.0110522
0 0.00340778
1 0.975332
0 0.0261886
0 0.135373
0 0.00595547
0 0.0257423
0 0.0223855
0 0.014413
0 0.00743113
0 0.0328471
0 0.00092353
0 0.0659477
0 0.0328429
0 0.0200665
0 0.0816878
0 0.0126799
0 0.062534
0 0.0036314
0 0.0112661
0 0.0113281
0 0.00141405
0 0.00478555
1 0.247357
0 0.0316001
0 0.0437896
0 0.18597
1 0.0248693
0 0.0317903
0 0.0368097
0 0.196319
0 0.0751822
0 0.0316931
0 0.0133658
0 0.00349141
0 0.0275376
0 0.011736
0 0.0788149
0 0.00259013
0 0.00542139
0 0.0110699
0 0.00704769
0 0.0129467
0 0.033451
0 0.0120767
0 0.0117236
0 0.00217828
0 0.00353993
0 0.00216338
0 0.0202233
0 0.00648151
0 0.0111322
0 0.0560191
0 0.00739078
0 0.00245952
0 0.0193756
0 0.00119634
0 0.0163952
0 0.0779997
0 0.0114287
0 0.0578611
0 0.0291609
0 0.0312801
0 0.0436608
0 0.00796955
0 0.0136457
0 0.21105
0 0.0197431
0 0.00373803
0 0.00352901
0 0.00594471
0 0.00245796
0 0.00370233
0 0.014193
0 0.0145106
0 0.0475794
0 0.0187745
0 0.0310305
0 0.00676862
1 0.00866914
0 0.0313842
0 0.052627
0 0.00170055
0 0.0417884
0 0.13861
0 0.00438974
0 0.00509751
0 0.0457388
0 0.076605
0 0.0048561
0 0.00183476
0 0.0110584
0 0.0520527
0 0.00599908
0 0.0453349
0 0.001979
0 0.0120422
0 0.0560364
0 0.00675671
0 0.00793362
0 0.0620085
0 0.0142445
0 0.0224624
0 0.0367812
0 0.00142053
0 0.00555317
0 0.000922833
0 0.04249
0 0.00407321
0 0.0153419
1 0.00973735
0 0.0600192
0 0.0026817
0 0.00752788
0 0.0407554
0 0.0123869
0 0.00769612
0 0.147993
0 0.0464183
0 0.00980456
0 0.00228154
0 0.00741551
0 0.236585
0 0.00223758
0 0.00913916
0 0.00618907
0 0.0248025
0 0.0138573
0 0.0176609
0 0.00905606
0 0.00253066
0 0.00493359
0 0.0125705
0 0.0465498
0 0.0337448
0 0.0381682
0 0.07723
0 0.00293159
0 0.00416508
0 0.000502239
0 0.0107468
0 0.0346273
0 0.0247876
0 0.014593
0 0.0164904
0 0.00843608
0 0.0115745
0 0.0890129
0 0.125842
0 0.0293419
0 0.0337459
0 0.0361886
0 0.0249877
0 0.110743
0 0.00996516
0 0.728945
0 0.042949
0 0.0471836
0 0.00431632
0 0.0174831
0 0.0371881
0 0.00170611
0 0.00158996
0 0.0933559
0 0.00823595
0 0.0671616
0 0.00715552
0 0.0205713
0 0.00610981
0 0.00302375
0 0.0292116
0 0.00253479
0 0.0140993
0 0.051872
0 0.0261258
0 0.0350875
0 0.00677463
0 0.00697389
0 0.0038667
0 0.00834162
0 0.00747013
0 0.00276649
0 0.130852
0 0.0100426
0 0.217188
0 0.266835
0 0.102793
0 0.00489848
0 0.0132825
0 0.154007
0 0.00377616
1 0.0851291
0 0.00261194
0 0.0864701
0 0.0052542
0 0.0590805
0 0.0472565
0 0.0265167
0 0.0210475
0 0.0149328
0 0.145313
0 0.00501951
0 0.00222689
0 0.00800206
0 0.00957147
0 0.00297221
0 0.0293048
0 0.103844
0 0.0455226
0 0.0102839
0 0.0316284
0 0.0218708
0 0.0101773
0 0.0591717
0 0.00840956
0 0.0835313
0 0.0158446
1 0.0882545
0 0.0012065
0 0.0791213
0 0.0023206
0 0.0027421
0 0.00435035
0 0.012153
0 0.104097
0 0.0218835
0 0.027078
0 0.00454518
0 0.289783
0 0.0423809
0 0.00347994
0 0.0271897
0 0.00862325
0 0.018008
0 0.0338479
0 0.163453
0 0.0137911
0 0.00137674
0 0.0645683
0 0.0266581
0 0.0351689
0 0.00691812
0 0.00173913
0 0.030591
0 0.00591573
0 0.0349417
0 0.00751932
0 0.00955215
0 0.0131612
0 0.203733
0 0.00159806
0 0.0196142
0 0.00518803
0 0.0410194
0 0.0709998
0 0.00362321
0 0.0213276
0 0.069124
0 0.0171105
0 0.0129824
0 0.0135419
0 0.0358224
0 0.0506599
0 0.00860787
0 0.0125849
0 0.028059
0 0.0152668
0 0.00713249
0 0.0584772
0 0.0299902
0 0.0148497
0 0.00316402
0 0.0118856
0 0.10069
0 0.0121107
0 0.0649019
0 0.0107469
1 0.0774216
0 0.0222569
0 0.0028514
0 0.0101005
0 0.00401506
0 0.024684
0 0.0152998
0 0.0122223
0 0.0943144
0 0.22162
0 0.216768
0 0.0620541
0 0.0114365
0 0.00661942
0 0.0772156
0 0.0357729
0 0.00167981
0 0.0958885
0 0.00473058
0 0.0461671
0 0.000475755
0 0.00118909
0 0.190022
0 0.0321517
0 0.0131912
0 0.00126852
0 0.00377224
0 0.0189956
0 0.000708496
0 0.00462892
0 0.026379
0 0.0171468
0 0.117428
0 0.0743504
0 0.00464427
0 0.0153643
0 0.205063
0 0.131379
0 0.0872258
1 0.0520022
0 0.00706221
0 0.0114893
0 0.0189179
0 0.0100094
0 0.0342391
0 0.0132919
0 0.056866
0 0.054656
0 0.0128606
0 0.0223183
0 0.0953451
0 0.107867
0 0.0782122
0 0.108584
0 0.328803
0 0.0140109
0 0.0186221
0 0.0224717
0 0.0127904
1 0.0187103
0 0.173899
0 0.00958718
0 0.138481
0 0.0336209
0 0.0187754
1 0.0313309
0 0.0149484
0 0.0435715
0 0.0283143
0 0.00213035
0 0.0132258
0 0.000998233
0 0.0023986
0 0.0126412
0 0.00199403
0 0.0012972
0 0.00136734
0 0.00718932
1 0.995146
0 0.00710732
0 0.00468718
0 0.0329814
0 0.310592
0 0.000743885
0 0.0133482
0 0.0132027
0 0.0272911
0 0.0263083
0 0.0633934
0 0.0933789
0 0.0350364
0 0.0207899
0 0.00268425
0 0.0153847
0 0.0488766
1 0.493577
0 0.126301
0 0.0113214
0 0.0301051
0 0.015008
0 0.0662089
0 0.0220566
0 0.0312531
0 0.00735463
0 0.00654766
0 0.00892516
0 0.00115322
0 0.00574259
0 0.0561208
0 0.0248243
0 0.00655108
0 0.193324
1 0.049178
0 0.00218803
0 0.0279206
0 0.0635903
0 0.00121254
0 0.0941523
0 0.148319
0 0.00192691
0 0.170208
0 0.00135405
0 0.0468441
0 0.0995555
0 0.0279625
0 0.130998
0 0.000807437
0 0.0330593
0 0.0200064
0 0.00565631
0 0.0116218
0 0.00687095
0 0.029676
0 0.0525592
0 0.00176187
0 0.0525155
0 0.017079
0 0.119514
0 0.00651094
0 0.152717
0 0.189759
0 0.00607615
0 0.104132
0 0.0118811
0 0.00270137
0 0.111364
0 0.0302008
0 0.0924111
0 0.0588027
0 0.0763583
0 0.00914551
0 0.0274045
0 0.00259523
0 0.0333452
0 0.0246604
0 0.0845187
0 0.0554782
0 0.00155895
0 0.00286958
0 0.0114241
0 0.0178053
0 0.0977116
0 0.0126516
0 0.0375772
0 0.0096283
0 0.0102519
0 0.00323466
0 0.000726565
0 0.00212989
0 0.0268889
0 0.0304887
0 0.0405761
0 0.0554428
0 0.00824063
0 0.00984901
0 0.00273196
0 0.016875
0 0.00187734
0 0.0660792
0 0.175609
1 0.0667328
0 0.0241297
0 0.0091851
0 0.00474707
0 0.0113836
0 0.0181577
0 0.00884866
0 0.00256784
0 0.0028405
0 0.0765849
0 0.00149095
0 0.00340026
0 0.0098182
0 0.00940352
0 0.011947
0 0.0282107
0 0.002444
0 0.064485
0 0.00373337
0 0.0642407
0 0.00728997
0 0.000558083
0 0.0350119
0 0.0148376
0 0.00295149
0 0.0135168
0 0.0411009
0 0.00956748
0 0.114745
0 0.00434905
0 0.0995446
0 0.00222081
0 0.0523204
0 0.0129449
0 0.090471
1 0.056194
0 0.0191793
0 0.0346411
0 0.0783826
0 0.00783972
0 0.0142966
0 0.0380417
0 0.569931
0 0.175408
0 0.000685078
0 0.00665561
0 0.000812286
0 0.205456
0 0.0671909
0 0.0589592
0 0.0170222
0 0.00496254
0 0.00164652
0 0.0217405
0 0.101401
0 0.0430477
0 0.0151616
0 0.000774123
0 0.00411457
0 0.434545
0 0.0142148
0 0.0649275
0 0.0564902
0 0.468643
0 0.00181465
0 0.00670982
0 0.0299193
0 0.000728486
0 0.10588
0 0.026847
0 0.00229732
0 0.0152566
1 0.964825
0 0.000964546
0 0.029054
0 0.00747946
0 0.0119812
0 0.0619638
0 0.0124716
0 0.147062
0 0.00189391
0 0.00777195
0 0.0147629
0 0.0441303
0 0.0564821
0 0.000417601
0 0.0271209
0 0.0725454
0 0.0389586
0 0.0231778
0 0.0192999
0 0.0147445
0 0.0156778
0 0.000615039
0 0.0233713
0 0.00325071
0 0.0205175
0 0.0165778
0 0.0488062
0 0.0203485
0 0.0253388
0 0.057232
0 0.0229961
0 0.0319928
0 0.0064652
0 0.00648605
1 0.00714309
0 0.0255868
0 0.0871836
1 0.0955413
0 0.00916583
0 0.0864593
0 0.00744557
0 0.00659619
0 0.0262844
0 0.140979
0 0.00905052
0 0.0178039
0 0.00248628
0 0.00635684
0 0.0111331
0 0.00864745
0 0.0304112
0 0.0227329
0 0.0350048
0 0.00343529
0 0.00365692
0 0.0169424
0 0.00744054
0 0.0978708
1 0.972881
0 0.0044463
0 0.238154
0 0.00622079
0 0.0391563
0 0.027096
0 0.00655678
0 0.0133483
0 0.0108227
0 0.0310559
0 0.0227809
0 0.00813193
0 0.00473992
0 0.0381948
0 0.0105586
0 0.0951944
0 0.0372164
1 0.0845097
0 0.000993459
0 0.00431839
0 0.100164
0 0.00162625
0 0.0330499
0 0.00136085
0 0.0175477
0 0.00444592
0 0.00542584
0 0.0161868
0 0.00659194
0 0.00372202
0 0.00505509
0 0.00123132
0 0.0430054
0 0.0130838
0 0.0043548
0 0.0236018
0 0.0594213
0 0.00421132
0 0.166773
0 0.00501559
0 0.00334256
0 0.000716199
0 0.000712867
0 0.00712935
0 0.0116209
0 0.016902
0 0.0253636
0 0.0206822
0 0.00520223
0 0.00777285
0 0.0126106
0 0.00760903
0 0.00188502
0 0.0167688
0 0.0109017
0 0.0135194
0 0.00497382
0 0.000513613
0 0.0070204
0 0.0188596
0 0.0515332
0 0.0152646
0 0.0156936
0 0.00944254
0 0.011545
0 0.0132911
0 0.0110547
0 0.0214208
0 0.00614011
0 0.0175467
0 0.00658575
0 0.00110951
0 0.079788
0 0.0245356
0 0.155911
0 0.0175794
0 0.0517511
0 0.0182161
0 0.00169883
0 0.00244547
0 0.0042993
1 0.277504
0 0.00301512
0 0.0254659
0 0.00207642
0 0.0253331
0 0.00214858
0 0.0158436
0 0.0194849
0 0.004976
0 0.00974073
1 0.152016
0 0.0177465
0 0.0218091
0 0.0663377
0 0.00974031
0 0.0139694
0 0.0089123
0 0.00106812
0 0.0207693
0 0.0573609
0 0.0034677
0 0.0378178
0 0.0146006
0 0.01314
0 0.0116642
0 0.0488069
0 0.0109553
0 0.00775551
0 0.0179812
0 0.0559929
0 0.00208745
0 0.112928
0 0.0349221
0 0.00344128
0 0.0834033
0 0.00956886
0 0.0100006
0 0.0214005
0 0.00481606
0 0.0976134
0 0.0231517
0 0.0240626
0 0.0244631
0 0.0951131
0 0.0235295
0 0.00558971
0 0.00151653
0 0.00627274
0 0.058218
0 0.0138891
0 0.0124563
0 0.033952
0 0.0336731
0 0.00282666
0 0.00465597
0 0.0182961
0 0.00933953
0 0.316407
0 0.0912339
0 0.0116047
0 0.0157037
0 0.0196715
0 0.00542311
0 0.00609774
0 0.0885975
1 0.12737
0 0.00268148
0 0.033997
0 0.000769769
0 0.00657562
0 0.00703577
0 0.112313
0 0.114945
0 0.0282772
0 0.0719211
0 0.0141273
0 0.0218289
1 0.985514
0 0.0190813
0 0.00457861
0 0.0085777
0 0.0231429
0 0.0999773
0 0.0397454
0 0.0116596
0 0.0107825
0 0.301288
0 0.0293535
0 0.168069
0 0.0241399
0 0.00123165
0 0.0216638
0 0.015448
0 0.00622752
0 0.0948988
0 0.0243127
0 0.000615828
0 0.00459646
0 0.0248819
0 0.121996
0 0.0455513
0 0.0826423
0 0.00100461
0 0.0249617
0 0.0245524
0 0.0114575
0 0.0231131
0 0.00086611
0 0.00675612
0 0.0508714
0 0.056319
0 0.0299316
0 0.000848224
0 0.00141364
0 0.0882651
0 0.0597713
0 0.00986481
0 0.0212858
0 0.0174209
0 0.242278
0 0.00970304
0 0.048555
0 0.110725
0 0.0204448
0 0.00670988
0 0.166341
1 0.00819724
0 0.00320706
0 0.0256557
0 0.0243007
0 0.0770311
0 0.0152732
1 0.0781926
0 0.0116924
0 0.0192377
0 0.0198441
0 0.0181969
0 0.0125284
0 0.00934986
0 0.0277552
0 0.00622209
0 0.0649465
0 0.0137032
0 0.00263266
0 0.0015583
0 0.00103443
1 0.143283
0 0.00591975
0 0.00282008
0 0.0109273
0 0.0641921
0 0.0126045
0 0.00327726
0 0.0183601
0 0.0158951
0 0.0535328
0 0.0225164
0 0.0171227
0 0.00568523
1 0.140816
0 0.0276796
0 0.00569628
0 0.0452856
0 0.0813316
0 0.0563368
0 0.0102019
0 0.0942045
0 0.00581269
0 0.000605622
0 0.00223376
0 0.00203761
0 0.0406513
0 0.0496798
0 0.0128491
0 0.00473391
0 0.0371133
0 0.00368851
0 0.00249381
0 0.0207316
0 0.0921471
0 0.0124115
0 0.00405044
0 0.00365051
0 0.0579023
0 0.0418636
0 0.00757556
0 0.0181755
0 0.0314656
0 0.0118689
0 0.00221657
0 0.00452953
0 0.0020902
0 0.00890916
0 0.0961784
0 0.0305899
0 0.0782123
0 0.0100323
0 0.126897
0 0.00867088
0 0.126163
0 0.497774
0 0.282816
0 0.00493287
1 0.954859
0 0.00236565
0 0.00100557
0 0.0153699
0 0.00528686
0 0.246684
0 0.00151287
0 0.173657
0 0.0141866
0 0.0246881
0 0.0449848
0 0.0145638
0 0.0280097
0 0.0254535
0 0.00541189
0 0.00686389
0 0.00963728
0 0.189686
0 0.00118089
0 0.00221594
0 0.0274574
0 0.0579357
0 0.0157039
0 0.00554707
0 0.00237768
0 0.00486672
0 0.0483667
0 0.0465183
1 0.0177239
0 0.00348888
0 0.00793831
0 0.0366299
0 0.00913683
0 0.00624108
0 0.00847855
0 0.0373889
0 0.0193775
0 0.0317079
0 0.0170562
0 0.0643017
0 0.0339052
0 0.00435506
0 0.017353
0 0.0212665
0 0.301094
0 0.0391915
0 0.0289807
0 0.0296203
0 0.0199982
0 0.00705829
0 0.0150521
0 0.0500852
0 0.000654991
0 0.0223844
0 0.0297204
0 0.11031
0 0.35129
1 0.993923
0 0.00153817
0 0.0710683
0 0.00562414
0 0.0320462
0 0.00866005
0 0.0177791
0 0.0529292
0 0.0168553
0 0.0116625
0 0.0162445
0 0.0120861
0 0.00577473
0 0.0748015
0 0.11824
0 0.0223425
0 0.0164908
0 0.0109867
0 0.0313852
0 0.0103
0 0.00626574
1 0.979045
0 0.00545797
0 0.025474
0 0.00698706
0 0.0568217
1 0.826683
0 0.0839282
0 0.00271364
0 0.0156043
0 0.0118235
0 0.00460772
0 0.0596094
0 0.0037985
0 0.05986
0 0.000711912
0 0.00309646
0 0.0270389
1 0.983394
0 0.0398831
0 0.00693097
0 0.0673056
1 0.158685
0 0.129891
0 0.0387259
0 0.032163
0 0.0295795
0 0.0144528
0 0.0422946
0 0.0197493
0 0.0971407
0 0.0293805
0 0.00910938
0 0.0794651
0 0.0666605
0 0.0302666
0 0.0138687
0 0.00805074
0 0.0250572
0 0.0139615
0 0.125245
0 0.071716
0 0.0139107
0 0.0216052
0 0.00419034
0 0.00317358
0 0.0152642
0 0.157934
0 0.00411235
0 0.0183519
0 0.0156412
0 0.0683267
0 0.00528542
0 0.025993
0 0.00980565
0 0.00205323
0 0.0526385
0 0.0445274
0 0.00933036
0 0.0427237
0 0.256133
0 0.0832536
0 0.0266484
0 0.00464839
0 0.0318071
0 0.0527569
0 0.00334581
1 0.058951
0 0.038367
0 0.0224558
0 0.00271033
0 0.00559293
0 0.0175498
0 0.0292469
0 0.00774505
0 0.016169
0 0.0559644
0 0.26266
0 0.0140145
0 0.066196
0 0.00927284
0 0.00524532
0 0.00128005
0 0.0774784
0 0.226968
0 0.00335162
0 0.0386644
0 0.00268126
0 0.0183425
0 0.063877
0 0.00364476
0 0.00406644
1 0.126287
0 0.00674651
0 0.00453521
1 0.0071301
0 0.0965094
0 0.00292953
0 0.00897562
0 0.0458528
0 0.0116773
0 0.00436808
0 0.379959
0 0.00515865
1 0.0459684
0 0.0117393
0 0.0444244
0 0.0111867
0 0.0293816
0 0.000636542
0 0.0287901
0 0.164847
0 0.0194363
0 0.0256125
0 0.0457468
0 0.106378
0 0.00945189
0 0.0280841
0 0.0184095
0 0.00319097
0 0.165248
0 0.0348721
0 0.00219982
0 0.00791015
0 0.0149884
0 0.134168
0 0.00340383
0 0.000831799
0 0.0345741
0 0.00148438
0 0.0304628
0 0.00247971
0 0.01202
0 0.0295019
0 0.00418515
0 0.00257018
0 0.0495397
0 0.0198948
0 0.0416453
0 0.127529
0 0.000499638
1 0.0393448
0 0.022056
0 0.00737512
0 0.0148852
0 0.0461362
0 0.0163345
0 0.0795278
0 0.00218822
0 0.13268
0 0.00324123
0 0.029571
0 0.00591419
0 0.0587743
0 0.0127824
0 0.0265408
0 0.0471626
0 0.00253203
0 0.0269516
0 0.00353238
0 0.00991991
0 0.172066
0 0.00879446
0 0.0385685
0 0.0252233
0 0.0243343
0 0.0442467
0 0.00563114
0 0.00333274
0 0.000440665
0 0.00480955
0 0.0818503
0 0.0158859
0 0.0178162
0 0.000720912
0 0.0236624
0 0.021138
0 0.00573239
0 0.0498063
0 0.00517326
0 0.0185093
0 0.00927027
0 0.0600919
0 0.00218157
0 0.0217916
0 0.133221
0 0.0311686
0 0.0476656
0 0.025161
0 0.0359064
0 0.0045105
0 0.0310486
0 0.0108835
0 0.0156472
0 0.0790894
0 0.00953164
1 0.98568
0 0.0959061
0 0.0094582
0 0.00369068
0 0.00600869
0 0.225465
1 0.067438
0 0.0229282
0 0.00122256
0 0.30388
0 0.00433115
0 0.0117054
0 0.000886055
0 0.0613551
0 0.0631877
0 0.00128637
0 0.131614
0 0.00115603
0 0.0390774
0 0.0380031
0 0.00572739
0 0.0315141
0 0.0208084
0 0.161115
0 0.00801416
0 0.0748087
0 0.0682917
0 0.00814655
0 0.0115343
0 0.00347941
0 0.00738937
1 0.0108131
0 0.00804413
0 0.0698872
0 0.168987
0 0.00367274
0 0.00567636
0 0.0179445
0 0.253706
0 0.000811997
0 0.0264272
0 0.00134442
0 0.0167412
0 0.0174261
0 0.00394822
0 0.0164297
0 0.0141946
0 0.00744322
0 0.00104919
0 0.047615
0 0.0133878
0 0.0613242
0 0.00152428
0 0.00212053
0 0.00205425
0 0.0315775
0 0.00655232
0 0.0569603
0 0.016138
0 0.0293389
0 0.0352048
0 0.0078979
1 0.299469
0 0.0269964
0 0.0216073
0 0.0178637
0 0.00199581
0 0.0244299
0 0.0834598
0 0.00385221
0 0.258385
0 0.0231492
0 0.00988185
0 0.0166697
0 0.0659992
0 0.00373162
0 0.0080325
0 0.00631592
0 0.0190275
0 0.00394184
0 0.0338576
0 0.0243056
0 0.0485252
0 0.0786338
0 0.00433678
0 0.0548826
0 0.0278175
0 0.0219601
0 0.015498
0 0.00935106
0 0.00161205
1 0.0428848
0 0.00614662
0 0.0596799
0 0.00164802
0 0.00639058
0 0.0310077
0 0.0120822
0 0.00731893
0 0.00921393
0 0.0207179
0 0.0378132
0 0.123812
1 0.0446311
0 0.0171814
0 0.206777
0 0.00387965
0 0.129772
0 0.0156867
0 0.0207472
0 0.0144397
0 0.054071
0 0.000901938
0 0.00767876
0 0.0338695
0 0.00413874
0 0.0256355
0 0.0481553
0 0.0321448
0 0.0814991
0 0.00464817
0 0.00241201
0 0.0364174
0 0.0197206
0 0.0429977
0 0.146051
0 0.0951211
0 0.000561546
0 0.0138673
0 0.00152672
0 0.000996003
0 0.00300113
0 0.00907581
0 0.0796436
0 0.0199801
0 0.0171066
0 0.0223339
0 0.0165853
0 0.0468541
0 0.000768768
0 0.0750468
0 0.0599202
0 0.0226399
0 0.00268803
0 0.0861621
0 0.0514312
0 0.00951994
0 0.035481
0 0.000501526
0 0.157104
0 0.00671036
0 0.00436546
0 0.279712
0 0.0110386
1 0.379059
0 0.135322
0 0.00610978
0 0.077798
0 0.0110345
1 0.0445792
0 0.169813
0 0.00298574
0 0.0469034
0 0.0250609
0 0.0131084
0 0.0414554
0 0.00135774
0 0.00544361
0 0.00379043
0 0.192673
0 0.00208326
0 0.00706417
0 0.0367387
0 0.00981687
0 0.00144292
0 0.00591222
0 0.00302726
0 0.0065896
0 0.119602
0 0.00205839
0 0.0394911
0 0.0362343
0 0.00174236
0 0.106947
0 0.0238988
0 0.131364
0 0.00121002
0 0.00547128
0 0.0116327
0 0.147374
0 0.0999327
0 0.0038233
0 0.00347972
0 0.10069
0 0.00888615
0 0.0173323
0 0.0172515
0 0.00484902
0 0.022819
0 0.0644496
0 0.0474978
0 0.00718348
0 0.0484485
0 0.00165478
0 0.000923737
0 0.0126211
0 0.0179178
0 0.00489216
0 0.0549101
0 0.00164706
0 0.00114334
0 0.00954041
0 0.0370077
0 0.00500205
0 0.0317299
0 0.0756361
0 0.123194
0 0.0293819
0 0.102492
0 0.00233705
0 0.00286213
0 0.0707107
0 0.0653815
0 0.00710188
0 0.0110896
0 0.0030394
0 0.000416164
0 0.111411
1 0.984888
0 0.0108345
0 0.0166601
1 0.0347924
0 0.0344009
0 0.00211618
1 0.00825231
0 0.0152617
0 0.0737627
0 0.0206262
0 0.133371
0 0.0072627
0 0.0356059
0 0.013374
0 0.00878103
0 0.0129946
0 0.0722719
0 0.00879024
0 0.00692674
0 0.0188648
0 0.038184
0 0.0444028
1 0.00907634
0 0.00598023
0 0.00363739
0 0.0012253
0 0.00261975
0 0.0217327
0 0.00343255
0 0.0080501
0 0.0376871
1 0.0254832
0 0.00958969
0 0.00394243
0 0.115184
0 0.0251997
0 0.0139974
0 0.0564858
0 0.0297238
0 0.00152884
0 0.0939207
0 0.00817408
0 0.0104713
0 0.176846
0 0.166357
0 0.0102335
0 0.0594987
0 0.0661013
0 0.00214588
0 0.0928625
0 0.066633
0 0.0232826
0 0.0268858
0 0.20008
0 0.00935609
0 0.046228
0 0.0327395
0 0.0204208
0 0.00420262
0 0.00435514
0 0.00963205
0 0.00240091
0 0.012611
0 0.00200005
0 0.118946
0 0.021869
0 0.00670309
0 0.00401742
0 0.0137977
0 0.025619
0 0.0424736
0 0.0786655
0 0.00568001
0 0.0301564
0 0.198609
0 0.000239392
0 0.192651
0 0.000629375
0 0.0711579
0 0.00683804
0 0.135034
0 0.0059106
0 0.212401
0 0.00474672
0 0.0280093
0 0.00417359
0 0.0849067
0 0.0346766
0 0.00695326
0 0.0199862
0 0.0332652
0 0.0274887
0 0.00131593
0 0.00572488
0 0.0442222
0 0.145762
0 0.103205
0 0.0310689
0 0.0301207
0 0.0346774
0 0.0306263
0 0.0105913
0 0.15426
0 0.0372138
0 0.00840949
0 0.19834
0 0.136914
0 0.00460931
0 0.0223442
0 0.000563655
0 0.0374859
0 0.0122481
0 0.182131
0 0.0341883
0 0.00414874
0 0.00194455
0 0.345548
0 0.00448929
0 0.0341846
0 0.0309337
0 0.010221
0 0.0254781
0 0.0459343
0 0.0194078
0 0.0823989
0 0.00363416
0 0.0107742
0 0.0134868
0 0.00312324
0 0.00377297
0 0.0163115
0 0.00770183
0 0.00632555
0 0.0815918
0 0.0937962
0 0.00645933
0 0.0287288
0 0.0850795
0 0.0841014
0 0.0494104
0 0.102298
0 0.016385
1 0.0133507
0 0.00320845
0 0.0533646
0 0.111376
0 0.0591756
0 0.0257994
0 0.299261
0 0.00425613
0 0.0559483
0 0.0700394
0 0.0321877
0 0.0064747
1 0.0820857
0 0.00505304
0 0.0109542
1 0.0862191
0 0.000481651
0 0.018162
0 0.0184629
0 0.043985
0 0.000555745
0 0.00840082
0 0.220937
0 0.134965
0 0.00631807
0 0.0129045
0 0.0314313
0 0.00371204
0 0.021427
0 0.262958
0 0.136815
0 0.00571022
0 0.0107134
0 0.00498302
0 0.000335638
0 0.0640328
0 0.0271868
0 0.114008
0 0.0261809
0 0.0234074
0 0.0710929
0 0.0132334
0 0.0445015
0 0.0758164
0 0.0167963
0 0.0627998
0 0.0066471
0 0.0425077
0 0.00183088
0 0.0499359
0 0.00104165
0 0.0033834
0 0.0157927
0 0.00316918
0 0.0269997
0 0.140656
0 0.223751
0 0.00442654
1 0.131363
1 0.0244833
0 0.00995846
0 0.0024802
0 0.0330291
0 0.0506744
0 0.0751437
0 0.0448185
0 0.0058884
0 0.0185491
0 0.0270453
0 0.0507051
0 0.0536325
0 0.0442839
0 0.0363734
0 0.0258312
0 0.149058
0 0.187482
0 0.302901
0 0.0225972
0 0.270535
1 0.0524384
0 0.00231603
0 0.00765413
0 0.0201344
0 0.0123206
0 0.0224662
0 0.058808
0 0.00258728
0 0.123428
0 0.00156238
1 0.996148
0 0.0027765
0 0.00661872
0 0.055499
0 0.0104085
0 0.00198923
0 0.0122626
0 0.00337866
1 0.98712
0 0.0029057
0 0.0663946
0 0.0546075
0 0.121164
0 0.061772
0 0.0529262
0 0.0061122
0 0.0302267
0 0.00156261
0 0.0410911
0 0.0675492
0 0.0303985
1 0.00387778
1 0.0397433
0 0.0217188
0 0.0107593
0 0.129361
0 0.00857651
0 0.0316415
0 0.0337796
0 0.00935793
0 0.00546752
0 0.112229
0 0.0135416
0 0.00649849
0 0.0794704
0 0.0677924
0 0.00395726
0 0.0439067
0 0.219942
0 0.037464
0 0.0389346
0 0.118363
0 0.0751472
0 0.388036
0 0.031983
0 0.0894826
0 0.0621265
0 0.0335819
0 0.00165639
0 0.00385324
0 0.0132194
0 0.00975014
0 0.111423
0 0.0100728
0 0.0344938
0 0.124672
0 0.0976082
0 0.0865644
0 0.00140793
0 0.0534651
0 0.0235937
0 0.0361913
0 0.0190937
0 0.0187718
1 0.295132
0 0.00483677
0 0.00724496
0 0.0133393
0 0.00494758
0 0.032618
0 0.00172683
0 0.00183175
0 0.00142856
0 0.0061759
0 0.0122362
0 0.00383823
0 0.00471922
0 0.051985
0 0.0661092
0 0.0349157
0 0.207095
0 0.0809593
0 0.00111196
0 0.00575997
0 0.00263869
1 0.0540974
0 0.00702108
1 0.0829435
0 0.0136262
0 0.00422607
0 0.0255252
0 0.00135722
0 0.00174491
0 0.0191497
0 0.0185695
0 0.0587615
0 0.00579569
0 0.00504365
0 0.0354975
0 0.0104607
0 0.0126071
0 0.00136012
0 0.0655378
0 0.0469858
0 0.191811
0 0.0363488
0 0.00486424
0 0.0664966
0 0.00561138
0 0.0152605
0 0.0320243
0 0.00548731
0 0.0171477
0 0.0148267
0 0.0113396
0 0.0575301
0 0.0274356
0 0.055865
0 0.0515757
0 0.0595066
0 0.00300539
0 0.0178408
0 0.00350387
0 0.00842064
0 0.00654732
0 0.0665267
0 0.0250937
0 0.0124261
0 0.19507
0 0.00505203
0 0.0243373
0 0.0368195
0 0.0259756
0 0.00209296
0 0.00550272
0 0.0321366
0 0.00321717
0 0.00936039
0 0.00638485
0 0.0100745
0 0.0226519
0 0.0291581
0 0.0256457
0 0.0161374
0 0.0023685
0 0.0499768
1 0.0015307
0 0.0156422
0 0.0014606
0 0.0661286
0 0.0117027
0 0.00349643
0 0.0243167
0 0.0682335
0 0.0524929
0 0.0502702
0 0.0306769
0 0.00938628
0 0.00199402
0 0.0447827
0 0.00939045
0 0.011384
0 0.00158664
1 0.0235697
0 0.00811482
0 0.0277336
0 0.025649
0 0.0745656
0 0.0321837
0 0.00644747
0 0.0101851
0 0.0151359
0 0.0793801
0 0.0334653
0 0.0230376
0 0.0136574
0 0.026376
0 0.00636447
0 0.0128977
0 0.211287
0 0.0389109
0 0.0225869
0 0.00495765
0 0.00446592
0 0.0184137
0 0.0166097
0 0.109199
0 0.0170403
0 0.132706
0 0.0160226
0 0.00207781
0 0.00200213
0 0.00379021
1 0.0789498
0 0.0127698
0 0.00505775
0 0.00265005
0 0.0634519
0 0.000428287
0 0.0107809
0 0.0162083
0 0.0627128
0 0.0194501
0 0.0110483
0 0.000662036
0 0.028491
0 0.000942729
0 0.0276298
0 0.039726
0 0.00201393
0 0.00399879
0 0.0160314
0 0.0618881
0 0.0107927
0 0.0148596
0 0.0113686
0 0.00434242
0 0.0250117
0 0.0210036
0 0.125105
0 0.178171
0 0.174917
0 0.0480225
0 0.000770324
0 0.00359282
0 0.170535
0 0.0548248
0 0.0489984
0 0.0417729
0 0.00603196
1 0.158735
0 0.0189229
0 0.00363835
0 0.00191405
0 0.00841453
0 0.00957312
0 0.00554724
0 0.00476043
0 0.0158593
0 0.00809906
0 0.0498847
0 0.00936973
0 0.00568487
0 0.121299
0 0.107272
0 0.062022
0 0.080178
0 0.00325283
0 0.0569327
0 0.00476375
0 0.00709448
0 0.0463957
0 0.0474966
0 0.00483119
0 0.0505605
0 0.0155195
0 0.00827332
0 0.0771165
0 0.0179056
0 0.00261606
0 0.0538705
0 0.0590484
1 0.212421
0 0.00508834
0 0.00381697
0 0.0246076
0 0.0335357
0 0.150588
0 0.00653341
0 0.0104994
0 0.00987122
0 0.00639463
0 0.223881
0 0.327842
0 0.162761
0 0.00561572
0 0.0133294
0 0.0138688
0 0.00122432
0 0.113368
0 0.0171123
0 0.00497111
0 0.0129719
0 0.051348
0 0.0109948
0 0.0117202
0 0.0178079
0 0.00322399
0 0.00704368
0 0.052616
0 0.0380091
0 0.00178174
0 0.0228281
0 0.495253
0 0.0146101
0 0.00180635
0 0.0196031
0 0.0022274
0 0.00270079
0 0.0274809
0 0.0291197
0 0.0076965
0 0.0266418
0 0.0485827
0 0.0551143
0 0.156267
0 0.00361828
0 0.0012166
0 0.00248645
0 0.120377
0 0.0266285
0 0.00202262
0 0.0533441
1 0.0351294
0 0.0264441
0 0.00365142
0 0.00226621
1 0.219424
0 0.00555301
0 0.0673446
0 0.0507684
0 0.025555
0 0.00762261
0 0.00272615
0 0.00283453
0 0.00456661
0 0.00787467
0 0.00997737
0 0.0168858
0 0.0060437
0 0.0189644
0 0.0298992
0 0.00597184
0 0.12436
1 0.0310628
0 0.0373302
0 0.0222853
0 0.0517095
0 0.0257049
0 0.113503
0 0.0274505
0 0.0407284
0 0.00118881
0 0.126166
0 0.00661797
0 0.382094
0 0.0803957
0 0.0133437
0 0.0022251
0 0.00176365
0 0.0566419
0 0.0184081
0 0.00186755
0 0.00792099
0 0.0413602
0 0.00524879
0 0.033267
0 0.00680445
0 0.109123
0 0.0210062
0 0.0128086
0 0.0329104
0 0.000920954
0 0.00502205
0 0.00849228
0 0.0846974
0 0.0320767
0 0.00640254
0 0.00803602
0 0.0390929
0 0.0962054
0 0.014628
0 0.0323692
0 0.00177707
0 0.00498053
0 0.167442
0 0.00612995
0 0.0028595
0 0.0189825
1 0.167918
0 0.00999631
0 0.0215064
0 0.0074619
0 0.00205124
0 0.0191218
0 0.0248853
0 0.00316704
0 0.0117393
0 0.042506
0 0.111237
0 0.365849
0 0.0500076
0 0.0339267
0 0.00737674
0 0.0635152
0 0.137103
0 0.00456535
0 0.0293188
0 0.00456534
0 0.0855417
0 0.0319614
0 0.005114
0 0.0320485
0 0.0127032
0 0.00344226
0 0.00714337
0 0.00141131
0 0.0144164
0 0.00531455
1 0.159134
0 0.00121933
0 0.00821283
0 0.0528935
0 0.00982263
0 0.119756
0 0.00854443
0 0.000605622
0 0.0896317
0 0.024525
0 0.0260898
0 0.0567908
0 0.0702828
0 0.0107799
0 0.0201651
0 0.0423495
0 0.326214
0 0.00413743
0 0.0361338
0 0.00277604
0 0.00745845
0 0.0128619
0 0.0364265
0 0.00615088
0 0.00502427
0 0.0296281
0 0.00146797
0 0.093947
0 0.0251116
0 0.0359895
1 0.984216
0 0.0694002
0 0.00791863
0 0.017552
0 0.0323941
0 0.015448
0 0.024291
0 0.0028867
0 0.0202663
0 0.00252088
0 0.00693527
0 0.00344622
0 0.00392398
0 0.0126127
0 0.0868965
0 0.0072984
0 0.00655115
0 0.133011
0 0.000358754
0 0.0179842
0 0.0536387
0 0.0150215
0 0.137379
0 0.0407274
0 0.0111409
0 0.172167
0 0.00670905
1 0.0134366
0 0.0307648
0 0.00545646
0 0.00113272
0 0.0561188
0 0.0241793
0 0.0385765
0 0.031622
0 0.00763524
0 0.0679419
0 0.00795514
0 0.138173
0 0.00153242
0 0.00322347
0 0.00228515
0 0.0253547
0 0.00155718
0 0.0276347
0 0.00279442
0 0.0608759
0 0.0296774
0 0.0072555
0 0.0286014
0 0.0290049
0 0.0789607
0 0.204718
0 0.0572635
0 0.0110768
0 0.0018325
0 0.061033
0 0.0318998
0 0.00907092
0 0.225628
0 0.000543116
0 0.00386398
1 0.2213
0 0.101466
0 0.00302209
0 0.150984
0 0.215044
0 0.0322001
0 0.00331218
0 0.0105581
0 0.083387
0 0.00119319
0 0.00494124
0 0.141877
0 0.0291378
0 0.00636866
0 0.192744
0 0.00131438
0 0.000650261
0 0.0645221
0 0.0849044
0 0.111842
0 0.00356216
0 0.0214594
0 0.144847
0 0.177498
0 0.0158733
0 0.00462937
0 0.0166043
0 0.0488398
0 0.00239867
0 0.078505
0 0.00187965
0 0.0037602
0 0.0112339
0 0.0523956
0 0.0357064
0 0.0353425
0 0.00244612
0 0.134428
0 0.0125815
0 0.0284455
0 0.00621632
0 0.0581666
0 0.0283018
0 0.0324008
0 0.106058
0 0.000563119
0 0.00601063
0 0.031015
0 0.004991
0 0.0232823
0 0.00425718
0 0.00460497
0 0.160789
0 0.00226683
0 0.0206895
0 0.00758834
0 0.0163262
0 0.00213161
0 0.0198499
0 0.039187
0 0.0597933
0 0.012602
0 0.373743
0 0.0921879
0 0.0145355
0 0.00436285
0 0.0487229
0 0.0275908
1 0.0292069
0 0.0325456
0 0.0132797
0 0.0265824
0 0.00548505
0 0.00446191
0 0.00429718
0 0.0659507
0 0.00468552
0 0.0107073
0 0.00400577
0 0.0229034
0 0.0527157
0 0.0111834
0 0.0526812
0 0.0135984
0 0.0799069
0 0.0422759
0 0.00711757
0 0.0057019
0 0.0114991
0 0.352755
0 0.0226866
0 0.0339695
0 0.00524164
0 0.0109128
0 0.000473421
0 0.193267
0 0.0398535
1 0.0217311
0 0.00182901
0 0.0109167
0 0.0529599
0 0.000921713
0 0.00505087
0 0.0374149
0 0.0207016
0 0.0105907
0 0.0234029
0 0.0154893
0 0.00167479
0 0.0196489
0 0.0325237
0 0.0128902
0 0.110782
0 0.0101516
0 0.00536056
0 0.13958
0 0.00634457
0 0.00523115
0 0.0545839
0 0.0273599
0 0.00247071
0 0.0587653
0 0.00360424
0 0.00301828
0 0.00331775
0 0.0334986
0 0.0453925
0 0.0418536
0 0.0178473
0 0.00425342
0 0.0136782
0 0.0122132
0 0.0110437
0 0.00159931
0 0.0132306
0 0.0581381
0 0.0362647
0 0.0157856
0 0.00104982
0 0.164553
0 0.00221064
0 0.00334134
0 0.0076766
0 0.00149865
0 0.0115362
0 0.00645876
0 0.0145681
0 0.00450806
0 0.00956327
0 0.0019086
0 0.00175453
0 0.0264671
0 0.00958781
0 0.00094875
0 0.00943286
0 0.00840052
0 0.00257952
0 0.0169075
0 0.00259863
0 0.011316
0 0.000410397
0 0.142283
0 0.00554023
0 0.0119988
0 0.00383614
0 0.112968
0 0.00454882
0 0.0042357
0 0.00170449
0 0.00259626
0 0.0223019
0 0.00151116
0 0.0255803
0 0.13237
0 0.0409673
0 0.14956
0 0.125484
0 0.011613
0 0.0665974
0 0.00833874
0 0.0339119
0 0.000648443
0 0.00381958
0 0.0279345
0 0.0623859
0 0.00131855
0 0.043453
0 0.00659826
0 0.00952687
0 0.00432697
0 0.173231
0 0.0663336
0 0.000665048
0 0.00671979
0 0.0014837
0 0.0136936
0 0.0131033
0 0.00707784
0 0.00530812
0 0.0604092
0 0.0234507
0 0.125397
0 0.00676527
0 0.0628883
0 0.019987
0 0.0119488
0 0.0355388
0 0.00716318
0 0.00957759
0 0.00126608
0 0.0103529
0 0.0141753
0 0.0261852
0 0.015158
0 0.00519329
0 0.00424204
0 0.0072299
0 0.140629
0 0.0195175
0 0.0499736
0 0.00297634
0 0.00964393
0 0.00733607
0 0.0615474
1 0.0434249
1 0.0608493
0 0.0745796
0 0.0364816
0 0.0256804
0 0.00429198
0 0.0882201
0 0.353074
0 0.0110208
0 0.00472567
0 0.00615596
0 0.00995567
0 0.0236977
